001 0 13 0 94.672615 STANDARD
001 0 486 0 67.91597 STANDARD
001 0 746 0 64.20845 STANDARD
001 0 792 0 63.993835 STANDARD
001 0 875 0 63.367043 STANDARD
001 0 184 0 57.849335 STANDARD
001 0 51 0 40.57185 STANDARD
001 0 1250 0 40.06777 STANDARD
001 0 1268 0 39.42689 STANDARD
001 0 1111 0 38.32331 STANDARD
002 0 746 0 116.21096 STANDARD
002 0 792 0 87.19643 STANDARD
002 0 12 0 84.77536 STANDARD
002 0 700 0 74.39547 STANDARD
002 0 141 0 54.771355 STANDARD
002 0 606 0 54.45319 STANDARD
002 0 1246 0 49.524208 STANDARD
002 0 883 0 47.74606 STANDARD
002 0 51 0 47.29322 STANDARD
002 0 712 0 44.664818 STANDARD
004 0 399 0 115.86046 STANDARD
004 0 144 0 91.20125 STANDARD
004 0 181 0 66.56988 STANDARD
004 0 485 0 50.966896 STANDARD
004 0 542 0 46.076904 STANDARD
004 0 119 0 40.590965 STANDARD
004 0 518 0 40.54769 STANDARD
004 0 584 0 40.024517 STANDARD
004 0 752 0 38.85977 STANDARD
004 0 586 0 38.145267 STANDARD
008 0 166 0 136.97597 STANDARD
008 0 488 0 90.24787 STANDARD
008 0 410 0 71.43897 STANDARD
008 0 1252 0 69.11881 STANDARD
008 0 1143 0 67.15009 STANDARD
008 0 236 0 62.715714 STANDARD
008 0 1312 0 59.34631 STANDARD
008 0 1296 0 55.47897 STANDARD
008 0 317 0 54.55281 STANDARD
008 0 467 0 53.699425 STANDARD
009 0 234 0 38.332024 STANDARD
009 0 813 0 34.3714 STANDARD
009 0 540 0 32.92444 STANDARD
009 0 552 0 32.32225 STANDARD
009 0 1252 0 32.15164 STANDARD
009 0 777 0 30.473167 STANDARD
009 0 1217 0 30.473167 STANDARD
009 0 641 0 29.717733 STANDARD
009 0 329 0 29.642784 STANDARD
009 0 1387 0 29.495989 STANDARD
010 0 491 0 48.593727 STANDARD
010 0 997 0 45.41014 STANDARD
010 0 544 0 44.184803 STANDARD
010 0 1074 0 41.223812 STANDARD
010 0 386 0 39.19647 STANDARD
010 0 497 0 39.13988 STANDARD
010 0 1374 0 38.900166 STANDARD
010 0 418 0 38.42639 STANDARD
010 0 837 0 38.063942 STANDARD
010 0 385 0 37.626637 STANDARD
012 0 492 0 218.5129 STANDARD
012 0 57 0 137.2525 STANDARD
012 0 48 0 127.50759 STANDARD
012 0 56 0 127.00325 STANDARD
012 0 469 0 123.70121 STANDARD
012 0 248 0 122.94658 STANDARD
012 0 58 0 108.31997 STANDARD
012 0 354 0 102.96094 STANDARD
012 0 907 0 100.49135 STANDARD
012 0 1307 0 100.3127 STANDARD
013 0 461 0 69.464005 STANDARD
013 0 232 0 63.033768 STANDARD
013 0 711 0 60.377773 STANDARD
013 0 1082 0 59.630367 STANDARD
013 0 492 0 56.775303 STANDARD
013 0 923 0 53.950787 STANDARD
013 0 48 0 50.79858 STANDARD
013 0 469 0 50.417133 STANDARD
013 0 1311 0 47.638977 STANDARD
013 0 59 0 47.12213 STANDARD
015 0 21 0 73.82104 STANDARD
015 0 22 0 65.29293 STANDARD
015 0 550 0 58.655132 STANDARD
015 0 398 0 37.314007 STANDARD
015 0 168 0 36.234398 STANDARD
015 0 464 0 35.910625 STANDARD
015 0 303 0 35.311394 STANDARD
015 0 306 0 34.330753 STANDARD
015 0 623 0 33.60604 STANDARD
015 0 270 0 33.44261 STANDARD
018 0 302 0 80.4396 STANDARD
018 0 1214 0 79.523544 STANDARD
018 0 691 0 66.98841 STANDARD
018 0 1274 0 56.187138 STANDARD
018 0 1319 0 56.187138 STANDARD
018 0 332 0 55.456413 STANDARD
018 0 59 0 48.31235 STANDARD
018 0 949 0 48.176117 STANDARD
018 0 1286 0 47.65373 STANDARD
018 0 493 0 46.825626 STANDARD
022 0 495 0 77.28271 STANDARD
022 0 1238 0 69.43946 STANDARD
022 0 1327 0 61.43043 STANDARD
022 0 304 0 61.152832 STANDARD
022 0 654 0 59.291878 STANDARD
022 0 444 0 58.451 STANDARD
022 0 1252 0 56.101555 STANDARD
022 0 262 0 54.378056 STANDARD
022 0 28 0 53.738594 STANDARD
022 0 810 0 52.118584 STANDARD
023 0 624 0 135.60196 STANDARD
023 0 1143 0 50.31216 STANDARD
023 0 1222 0 43.555183 STANDARD
023 0 245 0 41.916264 STANDARD
023 0 1334 0 40.894356 STANDARD
023 0 34 0 39.7626 STANDARD
023 0 1164 0 37.656628 STANDARD
023 0 1165 0 34.83472 STANDARD
023 0 213 0 33.95937 STANDARD
023 0 939 0 33.864986 STANDARD
026 0 496 0 84.40833 STANDARD
026 0 313 0 56.065033 STANDARD
026 0 1387 0 39.92811 STANDARD
026 0 1242 0 39.417076 STANDARD
026 0 59 0 31.161764 STANDARD
026 0 503 0 30.375229 STANDARD
026 0 157 0 30.056244 STANDARD
026 0 199 0 29.811699 STANDARD
026 0 643 0 29.811699 STANDARD
026 0 468 0 29.72464 STANDARD
027 0 64 0 52.532524 STANDARD
027 0 291 0 52.532524 STANDARD
027 0 170 0 49.417778 STANDARD
027 0 569 0 47.27377 STANDARD
027 0 256 0 42.97206 STANDARD
027 0 345 0 37.76305 STANDARD
027 0 665 0 35.226864 STANDARD
027 0 798 0 34.89147 STANDARD
027 0 137 0 34.456657 STANDARD
027 0 1252 0 34.089363 STANDARD
029 0 82 0 35.687717 STANDARD
029 0 553 0 34.45957 STANDARD
029 0 1098 0 30.298687 STANDARD
029 0 405 0 27.460543 STANDARD
029 0 108 0 26.839333 STANDARD
029 0 463 0 24.689487 STANDARD
029 0 1096 0 24.17845 STANDARD
029 0 183 0 23.738743 STANDARD
029 0 461 0 22.85851 STANDARD
029 0 1340 0 22.715076 STANDARD
031 0 106 0 104.75788 STANDARD
031 0 1143 0 67.7888 STANDARD
031 0 498 0 65.83227 STANDARD
031 0 410 0 62.777557 STANDARD
031 0 111 0 59.68441 STANDARD
031 0 531 0 55.997692 STANDARD
031 0 1255 0 52.22839 STANDARD
031 0 802 0 48.714336 STANDARD
031 0 1275 0 45.36949 STANDARD
031 0 967 0 45.02609 STANDARD
032 0 106 0 117.68715 STANDARD
032 0 660 0 97.13785 STANDARD
032 0 264 0 81.449356 STANDARD
032 0 498 0 77.01859 STANDARD
032 0 1143 0 76.40485 STANDARD
032 0 362 0 75.08243 STANDARD
032 0 609 0 74.736145 STANDARD
032 0 8 0 74.01828 STANDARD
032 0 410 0 73.61935 STANDARD
032 0 751 0 72.6382 STANDARD
033 0 248 0 85.472496 STANDARD
033 0 57 0 79.24124 STANDARD
033 0 469 0 65.77293 STANDARD
033 0 56 0 58.121834 STANDARD
033 0 354 0 57.88464 STANDARD
033 0 58 0 56.07907 STANDARD
033 0 927 0 53.283184 STANDARD
033 0 48 0 53.208206 STANDARD
033 0 1307 0 52.121277 STANDARD
033 0 197 0 51.421066 STANDARD
034 0 1379 0 55.014194 STANDARD
034 0 274 0 53.697456 STANDARD
034 0 1217 0 53.237087 STANDARD
034 0 1219 0 52.440556 STANDARD
034 0 110 0 51.493988 STANDARD
034 0 1391 0 44.727875 STANDARD
034 0 1221 0 42.301964 STANDARD
034 0 313 0 40.95928 STANDARD
034 0 1242 0 40.95928 STANDARD
034 0 586 0 40.885273 STANDARD
035 0 500 0 154.04926 STANDARD
035 0 88 0 72.192215 STANDARD
035 0 268 0 72.192215 STANDARD
035 0 87 0 62.368755 STANDARD
035 0 129 0 54.138535 STANDARD
035 0 270 0 52.52975 STANDARD
035 0 877 0 51.309 STANDARD
035 0 740 0 49.310955 STANDARD
035 0 614 0 48.903893 STANDARD
035 0 263 0 47.68799 STANDARD
039 0 502 0 63.761215 STANDARD
039 0 271 0 59.775604 STANDARD
039 0 204 0 58.624672 STANDARD
039 0 413 0 54.759193 STANDARD
039 0 302 0 54.229607 STANDARD
039 0 68 0 50.273827 STANDARD
039 0 1147 0 49.105495 STANDARD
039 0 1063 0 46.698776 STANDARD
039 0 606 0 46.43702 STANDARD
039 0 141 0 45.79203 STANDARD
040 0 140 0 76.61598 STANDARD
040 0 125 0 71.32955 STANDARD
040 0 786 0 66.497894 STANDARD
040 0 982 0 59.515137 STANDARD
040 0 153 0 58.448593 STANDARD
040 0 882 0 58.363636 STANDARD
040 0 145 0 58.042282 STANDARD
040 0 1212 0 55.24744 STANDARD
040 0 980 0 54.9401 STANDARD
040 0 568 0 50.623455 STANDARD
041 0 892 0 66.2241 STANDARD
041 0 740 0 52.12331 STANDARD
041 0 1111 0 35.87495 STANDARD
041 0 1287 0 34.88395 STANDARD
041 0 33 0 31.916328 STANDARD
041 0 1271 0 31.916328 STANDARD
041 0 1112 0 31.416033 STANDARD
041 0 1 0 31.257627 STANDARD
041 0 718 0 30.579943 STANDARD
041 0 185 0 29.486574 STANDARD
049 0 756 0 86.06743 STANDARD
049 0 46 0 61.935005 STANDARD
049 0 596 0 49.55602 STANDARD
049 0 981 0 44.41503 STANDARD
049 0 1188 0 39.91653 STANDARD
049 0 75 0 36.895115 STANDARD
049 0 1317 0 34.478325 STANDARD
049 0 884 0 34.099434 STANDARD
049 0 925 0 34.044685 STANDARD
049 0 1242 0 33.884148 STANDARD
050 0 511 0 81.60383 STANDARD
050 0 798 0 62.785236 STANDARD
050 0 588 0 62.210396 STANDARD
050 0 97 0 59.897537 STANDARD
050 0 134 0 57.28873 STANDARD
050 0 256 0 56.570427 STANDARD
050 0 540 0 54.29611 STANDARD
050 0 988 0 53.564854 STANDARD
050 0 335 0 52.0829 STANDARD
050 0 1364 0 50.594852 STANDARD
051 0 611 0 112.17047 STANDARD
051 0 4 0 92.71016 STANDARD
051 0 306 0 88.72569 STANDARD
051 0 207 0 85.71054 STANDARD
051 0 1237 0 85.18125 STANDARD
051 0 3 0 83.073296 STANDARD
051 0 664 0 81.02589 STANDARD
051 0 180 0 79.31033 STANDARD
051 0 364 0 77.13549 STANDARD
051 0 389 0 75.66805 STANDARD
052 0 1362 0 71.72007 STANDARD
052 0 1294 0 60.14936 STANDARD
052 0 1176 0 59.110245 STANDARD
052 0 780 0 58.435978 STANDARD
052 0 838 0 54.557796 STANDARD
052 0 1132 0 51.713806 STANDARD
052 0 1339 0 50.51919 STANDARD
052 0 1129 0 48.907772 STANDARD
052 0 888 0 46.43041 STANDARD
052 0 833 0 44.680084 STANDARD
053 0 415 0 43.235043 STANDARD
053 0 1048 0 42.068542 STANDARD
053 0 1362 0 41.235554 STANDARD
053 0 1235 0 40.528763 STANDARD
053 0 744 0 40.001827 STANDARD
053 0 433 0 38.42396 STANDARD
053 0 445 0 35.213093 STANDARD
053 0 1329 0 34.95007 STANDARD
053 0 130 0 34.433216 STANDARD
053 0 675 0 33.97496 STANDARD
054 0 420 0 106.29203 STANDARD
054 0 465 0 96.834854 STANDARD
054 0 222 0 91.501205 STANDARD
054 0 601 0 77.21721 STANDARD
054 0 514 0 71.99702 STANDARD
054 0 901 0 70.88835 STANDARD
054 0 1229 0 68.752014 STANDARD
054 0 250 0 64.31248 STANDARD
054 0 612 0 60.84194 STANDARD
054 0 200 0 59.87776 STANDARD
055 0 513 0 41.214836 STANDARD
055 0 1197 0 41.173065 STANDARD
055 0 1210 0 40.86187 STANDARD
055 0 192 0 36.316376 STANDARD
055 0 601 0 35.842487 STANDARD
055 0 633 0 35.095253 STANDARD
055 0 464 0 34.808292 STANDARD
055 0 632 0 34.808292 STANDARD
055 0 147 0 34.64649 STANDARD
055 0 901 0 33.96176 STANDARD
056 0 751 0 78.27021 STANDARD
056 0 698 0 74.34214 STANDARD
056 0 920 0 70.27144 STANDARD
056 0 812 0 68.26044 STANDARD
056 0 1320 0 60.235325 STANDARD
056 0 1143 0 55.28524 STANDARD
056 0 1235 0 54.028275 STANDARD
056 0 47 0 51.69986 STANDARD
056 0 433 0 50.968353 STANDARD
056 0 660 0 50.48251 STANDARD
057 0 752 0 70.31526 STANDARD
057 0 788 0 46.75814 STANDARD
057 0 432 0 46.25517 STANDARD
057 0 27 0 46.01953 STANDARD
057 0 242 0 44.365936 STANDARD
057 0 1210 0 44.099545 STANDARD
057 0 467 0 43.92092 STANDARD
057 0 1186 0 42.61964 STANDARD
057 0 160 0 41.654583 STANDARD
057 0 1182 0 41.386456 STANDARD
058 0 516 0 144.01765 STANDARD
058 0 431 0 108.79165 STANDARD
058 0 505 0 85.62511 STANDARD
058 0 1003 0 85.55203 STANDARD
058 0 1004 0 85.55203 STANDARD
058 0 1005 0 85.55203 STANDARD
058 0 1006 0 85.55203 STANDARD
058 0 1007 0 85.55203 STANDARD
058 0 1008 0 85.55203 STANDARD
058 0 1009 0 85.55203 STANDARD
059 0 672 0 75.06522 STANDARD
059 0 799 0 57.283195 STANDARD
059 0 431 0 52.6344 STANDARD
059 0 516 0 49.10938 STANDARD
059 0 610 0 46.75785 STANDARD
059 0 311 0 45.33051 STANDARD
059 0 575 0 43.906914 STANDARD
059 0 598 0 43.906914 STANDARD
059 0 520 0 43.50697 STANDARD
059 0 109 0 40.650764 STANDARD
061 0 1327 0 47.916153 STANDARD
061 0 654 0 46.13942 STANDARD
061 0 1203 0 41.520645 STANDARD
061 0 171 0 40.87745 STANDARD
061 0 166 0 35.956818 STANDARD
061 0 724 0 35.727486 STANDARD
061 0 319 0 32.973778 STANDARD
061 0 1314 0 32.50621 STANDARD
061 0 1266 0 31.994576 STANDARD
061 0 720 0 31.835518 STANDARD
062 0 319 0 56.501236 STANDARD
062 0 22 0 51.06936 STANDARD
062 0 480 0 45.65848 STANDARD
062 0 387 0 43.324825 STANDARD
062 0 1160 0 42.5775 STANDARD
062 0 98 0 42.48272 STANDARD
062 0 325 0 41.87733 STANDARD
062 0 1213 0 41.3863 STANDARD
062 0 1191 0 40.907455 STANDARD
062 0 135 0 40.43348 STANDARD
066 0 232 0 56.436028 STANDARD
066 0 461 0 49.89447 STANDARD
066 0 186 0 39.680084 STANDARD
066 0 159 0 36.62368 STANDARD
066 0 370 0 33.62579 STANDARD
066 0 1088 0 31.191633 STANDARD
066 0 282 0 31.167667 STANDARD
066 0 1342 0 30.62368 STANDARD
066 0 176 0 30.091755 STANDARD
066 0 179 0 30.091755 STANDARD
067 0 976 0 58.187996 STANDARD
067 0 154 0 51.158325 STANDARD
067 0 536 0 39.930412 STANDARD
067 0 252 0 39.743996 STANDARD
067 0 1205 0 39.31143 STANDARD
067 0 670 0 39.13865 STANDARD
067 0 1381 0 38.23938 STANDARD
067 0 563 0 37.469666 STANDARD
067 0 35 0 36.91021 STANDARD
067 0 1324 0 34.750713 STANDARD
068 0 645 0 43.417416 STANDARD
068 0 1143 0 42.35657 STANDARD
068 0 629 0 39.794563 STANDARD
068 0 1278 0 38.357887 STANDARD
068 0 1149 0 37.234 STANDARD
068 0 589 0 36.776485 STANDARD
068 0 1220 0 35.40371 STANDARD
068 0 1264 0 35.40371 STANDARD
068 0 1228 0 35.367794 STANDARD
068 0 460 0 33.991837 STANDARD
069 0 536 0 60.342175 STANDARD
069 0 1143 0 42.35657 STANDARD
069 0 138 0 41.69244 STANDARD
069 0 1184 0 38.062054 STANDARD
069 0 589 0 36.776485 STANDARD
069 0 1152 0 36.259804 STANDARD
069 0 37 0 35.91145 STANDARD
069 0 1368 0 33.43843 STANDARD
069 0 6 0 31.757515 STANDARD
069 0 1205 0 30.859318 STANDARD
071 0 1196 0 65.779945 STANDARD
071 0 154 0 64.78745 STANDARD
071 0 1141 0 61.178795 STANDARD
071 0 289 0 58.087723 STANDARD
071 0 288 0 53.593117 STANDARD
071 0 433 0 52.66851 STANDARD
071 0 95 0 52.482307 STANDARD
071 0 191 0 52.13163 STANDARD
071 0 29 0 51.367435 STANDARD
071 0 432 0 49.53573 STANDARD
072 0 521 0 133.09425 STANDARD
072 0 439 0 105.390305 STANDARD
072 0 468 0 91.897194 STANDARD
072 0 526 0 90.41621 STANDARD
072 0 467 0 87.43997 STANDARD
072 0 797 0 85.78587 STANDARD
072 0 1262 0 76.918594 STANDARD
072 0 900 0 76.41564 STANDARD
072 0 916 0 75.95488 STANDARD
072 0 191 0 74.56512 STANDARD
074 0 467 0 78.10451 STANDARD
074 0 122 0 60.99302 STANDARD
074 0 1194 0 57.12161 STANDARD
074 0 1143 0 57.066406 STANDARD
074 0 916 0 48.484287 STANDARD
074 0 521 0 47.894566 STANDARD
074 0 369 0 47.80726 STANDARD
074 0 39 0 46.786423 STANDARD
074 0 2 0 46.651 STANDARD
074 0 788 0 45.65308 STANDARD
079 0 99 0 49.733604 STANDARD
079 0 1044 0 44.400738 STANDARD
079 0 10 0 43.84555 STANDARD
079 0 223 0 43.84555 STANDARD
079 0 468 0 42.622475 STANDARD
079 0 1137 0 42.622475 STANDARD
079 0 1383 0 40.981163 STANDARD
079 0 1174 0 40.035744 STANDARD
079 0 191 0 39.461575 STANDARD
079 0 706 0 39.461575 STANDARD
080 0 305 0 85.31065 STANDARD
080 0 525 0 80.68035 STANDARD
080 0 623 0 50.641705 STANDARD
080 0 394 0 46.499947 STANDARD
080 0 1324 0 43.945698 STANDARD
080 0 338 0 42.654457 STANDARD
080 0 1287 0 41.907944 STANDARD
080 0 324 0 41.665638 STANDARD
080 0 192 0 41.633797 STANDARD
080 0 84 0 41.57369 STANDARD
081 0 305 0 73.41528 STANDARD
081 0 525 0 71.8132 STANDARD
081 0 623 0 70.64072 STANDARD
081 0 270 0 61.354824 STANDARD
081 0 37 0 60.227615 STANDARD
081 0 1204 0 59.30044 STANDARD
081 0 303 0 53.333324 STANDARD
081 0 1185 0 49.353683 STANDARD
081 0 294 0 48.81777 STANDARD
081 0 1287 0 48.305706 STANDARD
082 0 525 0 104.94679 STANDARD
082 0 310 0 86.91735 STANDARD
082 0 304 0 81.56377 STANDARD
082 0 1200 0 80.22331 STANDARD
082 0 568 0 70.84887 STANDARD
082 0 308 0 57.72816 STANDARD
082 0 9 0 57.426003 STANDARD
082 0 305 0 55.842087 STANDARD
082 0 63 0 54.502808 STANDARD
082 0 663 0 47.74066 STANDARD
083 0 526 0 78.816605 STANDARD
083 0 440 0 78.73022 STANDARD
083 0 439 0 60.12544 STANDARD
083 0 797 0 56.96765 STANDARD
083 0 222 0 56.62663 STANDARD
083 0 683 0 55.53094 STANDARD
083 0 334 0 51.31267 STANDARD
083 0 521 0 46.960083 STANDARD
083 0 879 0 46.602154 STANDARD
083 0 796 0 45.8142 STANDARD
084 0 476 0 151.40714 STANDARD
084 0 322 0 132.88666 STANDARD
084 0 321 0 126.94809 STANDARD
084 0 527 0 125.16644 STANDARD
084 0 320 0 124.3157 STANDARD
084 0 731 0 80.11173 STANDARD
084 0 981 0 74.20368 STANDARD
084 0 648 0 63.52399 STANDARD
084 0 855 0 63.201916 STANDARD
084 0 854 0 61.0778 STANDARD
085 0 1301 0 91.072235 STANDARD
085 0 192 0 80.96631 STANDARD
085 0 1225 0 71.53927 STANDARD
085 0 326 0 67.579254 STANDARD
085 0 528 0 67.579254 STANDARD
085 0 406 0 64.30531 STANDARD
085 0 798 0 63.26534 STANDARD
085 0 992 0 62.40674 STANDARD
085 0 1260 0 61.910275 STANDARD
085 0 494 0 57.827705 STANDARD
086 0 494 0 89.28068 STANDARD
086 0 94 0 87.959885 STANDARD
086 0 1301 0 77.39298 STANDARD
086 0 922 0 75.54715 STANDARD
086 0 192 0 71.69967 STANDARD
086 0 197 0 58.826496 STANDARD
086 0 1225 0 58.74675 STANDARD
086 0 562 0 56.752487 STANDARD
086 0 106 0 56.71068 STANDARD
086 0 326 0 55.384182 STANDARD
087 0 342 0 74.53862 STANDARD
087 0 1215 0 72.54089 STANDARD
087 0 1324 0 71.22678 STANDARD
087 0 43 0 66.93408 STANDARD
087 0 293 0 66.851326 STANDARD
087 0 440 0 65.135254 STANDARD
087 0 211 0 64.524155 STANDARD
087 0 7 0 62.504078 STANDARD
087 0 8 0 59.392704 STANDARD
087 0 94 0 59.079716 STANDARD
093 0 208 0 110.3839 STANDARD
093 0 531 0 106.03419 STANDARD
093 0 61 0 104.229164 STANDARD
093 0 1253 0 102.29218 STANDARD
093 0 298 0 98.80936 STANDARD
093 0 1255 0 96.8777 STANDARD
093 0 448 0 96.53358 STANDARD
093 0 1236 0 95.94124 STANDARD
093 0 1139 0 92.208466 STANDARD
093 0 267 0 91.42674 STANDARD
094 0 123 0 169.59518 STANDARD
094 0 84 0 124.43209 STANDARD
094 0 623 0 118.67877 STANDARD
094 0 338 0 110.33619 STANDARD
094 0 344 0 95.98309 STANDARD
094 0 481 0 95.00871 STANDARD
094 0 305 0 91.65311 STANDARD
094 0 1185 0 87.62999 STANDARD
094 0 480 0 84.31686 STANDARD
094 0 120 0 82.568245 STANDARD
095 0 460 0 108.59182 STANDARD
095 0 1301 0 82.2518 STANDARD
095 0 645 0 76.54775 STANDARD
095 0 1149 0 74.468 STANDARD
095 0 504 0 73.10206 STANDARD
095 0 261 0 69.54719 STANDARD
095 0 1109 0 65.7842 STANDARD
095 0 629 0 65.14731 STANDARD
095 0 406 0 64.45686 STANDARD
095 0 1282 0 62.995514 STANDARD
097 0 871 0 59.179962 STANDARD
097 0 685 0 58.84778 STANDARD
097 0 1289 0 58.306984 STANDARD
097 0 753 0 50.87414 STANDARD
097 0 441 0 48.908356 STANDARD
097 0 204 0 44.608463 STANDARD
097 0 1143 0 44.09788 STANDARD
097 0 567 0 44.043976 STANDARD
097 0 999 0 42.873627 STANDARD
097 0 1217 0 42.720207 STANDARD
098 0 1181 0 72.67442 STANDARD
098 0 278 0 55.24599 STANDARD
098 0 753 0 55.19648 STANDARD
098 0 375 0 54.9478 STANDARD
098 0 380 0 54.34078 STANDARD
098 0 1078 0 51.789722 STANDARD
098 0 810 0 46.913563 STANDARD
098 0 871 0 46.446285 STANDARD
098 0 495 0 46.205353 STANDARD
098 0 896 0 46.04483 STANDARD
099 0 785 0 94.39903 STANDARD
099 0 754 0 78.13969 STANDARD
099 0 801 0 76.315125 STANDARD
099 0 1159 0 72.25949 STANDARD
099 0 120 0 66.45626 STANDARD
099 0 788 0 60.047375 STANDARD
099 0 922 0 54.11614 STANDARD
099 0 270 0 54.037674 STANDARD
099 0 1362 0 53.504585 STANDARD
099 0 509 0 53.28943 STANDARD
100 0 785 0 51.24767 STANDARD
100 0 266 0 41.418594 STANDARD
100 0 801 0 41.20925 STANDARD
100 0 657 0 39.734245 STANDARD
100 0 59 0 39.083267 STANDARD
100 0 1055 0 38.65253 STANDARD
100 0 1176 0 37.63051 STANDARD
100 0 1084 0 36.123398 STANDARD
100 0 1054 0 35.786045 STANDARD
100 0 458 0 35.70698 STANDARD
101 0 321 0 161.8916 STANDARD
101 0 322 0 159.4381 STANDARD
101 0 320 0 151.43642 STANDARD
101 0 476 0 125.93733 STANDARD
101 0 527 0 124.42609 STANDARD
101 0 1311 0 73.14469 STANDARD
101 0 1073 0 68.49779 STANDARD
101 0 1224 0 65.43931 STANDARD
101 0 676 0 62.76001 STANDARD
101 0 731 0 61.403664 STANDARD
102 0 539 0 91.39537 STANDARD
102 0 566 0 83.00548 STANDARD
102 0 564 0 79.83951 STANDARD
102 0 499 0 79.694595 STANDARD
102 0 1258 0 60.74044 STANDARD
102 0 565 0 56.937016 STANDARD
102 0 1191 0 52.160988 STANDARD
102 0 1081 0 51.071384 STANDARD
102 0 1192 0 50.518852 STANDARD
102 0 483 0 50.445362 STANDARD
103 0 483 0 119.68221 STANDARD
103 0 1384 0 108.802895 STANDARD
103 0 1081 0 99.1125 STANDARD
103 0 381 0 87.48511 STANDARD
103 0 116 0 85.58164 STANDARD
103 0 105 0 82.20922 STANDARD
103 0 533 0 81.60843 STANDARD
103 0 382 0 78.22603 STANDARD
103 0 1387 0 77.85939 STANDARD
103 0 1258 0 77.22854 STANDARD
104 0 89 0 41.814957 STANDARD
104 0 204 0 36.355698 STANDARD
104 0 678 0 34.078487 STANDARD
104 0 609 0 33.90805 STANDARD
104 0 1342 0 29.663662 STANDARD
104 0 96 0 29.508568 STANDARD
104 0 411 0 29.22493 STANDARD
104 0 697 0 28.995375 STANDARD
104 0 658 0 28.755388 STANDARD
104 0 1241 0 28.115953 STANDARD
105 0 1143 0 80.47729 STANDARD
105 0 239 0 60.97599 STANDARD
105 0 357 0 60.58758 STANDARD
105 0 904 0 59.717056 STANDARD
105 0 111 0 56.99032 STANDARD
105 0 609 0 56.68391 STANDARD
105 0 415 0 56.44666 STANDARD
105 0 137 0 55.227196 STANDARD
105 0 369 0 55.02811 STANDARD
105 0 812 0 54.78947 STANDARD
106 0 388 0 108.611374 STANDARD
106 0 3 0 99.32933 STANDARD
106 0 664 0 97.68903 STANDARD
106 0 180 0 95.31179 STANDARD
106 0 389 0 78.75417 STANDARD
106 0 393 0 76.36222 STANDARD
106 0 4 0 73.650375 STANDARD
106 0 207 0 73.2458 STANDARD
106 0 1237 0 71.50125 STANDARD
106 0 1370 0 70.5559 STANDARD
107 0 1387 0 85.39557 STANDARD
107 0 394 0 74.74406 STANDARD
107 0 59 0 72.7533 STANDARD
107 0 4 0 68.07808 STANDARD
107 0 576 0 65.34028 STANDARD
107 0 1143 0 63.276924 STANDARD
107 0 389 0 59.635384 STANDARD
107 0 590 0 57.83809 STANDARD
107 0 1078 0 55.012413 STANDARD
107 0 484 0 54.34919 STANDARD
108 0 3 0 94.25359 STANDARD
108 0 664 0 91.08946 STANDARD
108 0 180 0 90.23606 STANDARD
108 0 4 0 76.86618 STANDARD
108 0 389 0 71.99755 STANDARD
108 0 393 0 71.09828 STANDARD
108 0 1370 0 69.2227 STANDARD
108 0 388 0 68.556206 STANDARD
108 0 327 0 68.038124 STANDARD
108 0 207 0 67.98185 STANDARD
109 0 628 0 84.91355 STANDARD
109 0 661 0 49.3925 STANDARD
109 0 370 0 45.929024 STANDARD
109 0 1388 0 44.031086 STANDARD
109 0 1215 0 40.7526 STANDARD
109 0 374 0 40.231342 STANDARD
109 0 594 0 38.845146 STANDARD
109 0 1382 0 36.98255 STANDARD
109 0 767 0 36.540333 STANDARD
109 0 662 0 36.064236 STANDARD
110 0 59 0 78.13133 STANDARD
110 0 977 0 60.817825 STANDARD
110 0 1240 0 58.42712 STANDARD
110 0 570 0 56.618942 STANDARD
110 0 1138 0 55.425213 STANDARD
110 0 4 0 51.30571 STANDARD
110 0 1193 0 50.6514 STANDARD
110 0 150 0 50.028767 STANDARD
110 0 105 0 49.707916 STANDARD
110 0 1311 0 48.171257 STANDARD
111 0 349 0 67.30909 STANDARD
111 0 977 0 60.817825 STANDARD
111 0 1240 0 58.42712 STANDARD
111 0 570 0 56.618942 STANDARD
111 0 4 0 51.30571 STANDARD
111 0 150 0 50.028767 STANDARD
111 0 327 0 49.09974 STANDARD
111 0 1311 0 48.171257 STANDARD
111 0 1063 0 46.35054 STANDARD
111 0 155 0 45.68143 STANDARD
112 0 305 0 51.50441 STANDARD
112 0 540 0 48.93233 STANDARD
112 0 573 0 39.373478 STANDARD
112 0 1299 0 37.495743 STANDARD
112 0 333 0 37.039597 STANDARD
112 0 537 0 35.788956 STANDARD
112 0 192 0 35.545322 STANDARD
112 0 63 0 34.230785 STANDARD
112 0 323 0 34.156574 STANDARD
112 0 1364 0 33.849236 STANDARD
113 0 1080 0 80.2811 STANDARD
113 0 244 0 73.29257 STANDARD
113 0 413 0 71.9097 STANDARD
113 0 564 0 67.11995 STANDARD
113 0 53 0 64.788895 STANDARD
113 0 1191 0 63.370132 STANDARD
113 0 687 0 61.756065 STANDARD
113 0 668 0 61.6738 STANDARD
113 0 666 0 61.104374 STANDARD
113 0 667 0 57.415825 STANDARD
114 0 541 0 127.80877 STANDARD
114 0 332 0 100.923416 STANDARD
114 0 103 0 67.37581 STANDARD
114 0 25 0 64.79178 STANDARD
114 0 1215 0 60.40493 STANDARD
114 0 19 0 59.31833 STANDARD
114 0 1229 0 55.00962 STANDARD
114 0 192 0 54.898483 STANDARD
114 0 297 0 54.43967 STANDARD
114 0 1296 0 54.31862 STANDARD
116 0 1153 0 94.52422 STANDARD
116 0 876 0 70.43024 STANDARD
116 0 576 0 68.17847 STANDARD
116 0 280 0 67.50238 STANDARD
116 0 695 0 62.42931 STANDARD
116 0 608 0 58.80696 STANDARD
116 0 904 0 55.477245 STANDARD
116 0 714 0 53.69226 STANDARD
116 0 1260 0 52.433533 STANDARD
116 0 696 0 51.44732 STANDARD
118 0 324 0 95.37388 STANDARD
118 0 303 0 87.892975 STANDARD
118 0 559 0 78.605286 STANDARD
118 0 1395 0 77.36365 STANDARD
118 0 394 0 74.501396 STANDARD
118 0 1393 0 73.85605 STANDARD
118 0 437 0 73.677055 STANDARD
118 0 524 0 71.75641 STANDARD
118 0 1161 0 71.75641 STANDARD
118 0 24 0 70.98918 STANDARD
119 0 667 0 103.30517 STANDARD
119 0 1082 0 69.376236 STANDARD
119 0 670 0 68.81328 STANDARD
119 0 668 0 65.51773 STANDARD
119 0 1081 0 62.158276 STANDARD
119 0 666 0 56.37806 STANDARD
119 0 1367 0 56.021343 STANDARD
119 0 470 0 55.423355 STANDARD
119 0 1395 0 55.0836 STANDARD
119 0 1143 0 54.97778 STANDARD
120 0 667 0 108.386925 STANDARD
120 0 170 0 65.434044 STANDARD
120 0 345 0 55.716877 STANDARD
120 0 668 0 54.930588 STANDARD
120 0 1384 0 54.88699 STANDARD
120 0 291 0 54.269684 STANDARD
120 0 238 0 52.903282 STANDARD
120 0 358 0 52.376823 STANDARD
120 0 335 0 52.3293 STANDARD
120 0 10 0 51.907845 STANDARD
121 0 590 0 71.07807 STANDARD
121 0 591 0 67.46002 STANDARD
121 0 543 0 64.51943 STANDARD
121 0 216 0 63.679535 STANDARD
121 0 589 0 59.362453 STANDARD
121 0 740 0 56.291115 STANDARD
121 0 18 0 48.996346 STANDARD
121 0 1354 0 44.67961 STANDARD
121 0 523 0 44.519855 STANDARD
121 0 1318 0 41.620274 STANDARD
122 0 205 0 70.79665 STANDARD
122 0 662 0 62.171204 STANDARD
122 0 1066 0 58.906956 STANDARD
122 0 1378 0 57.92017 STANDARD
122 0 740 0 54.785877 STANDARD
122 0 1104 0 52.42801 STANDARD
122 0 999 0 48.857525 STANDARD
122 0 794 0 47.663486 STANDARD
122 0 1384 0 47.01195 STANDARD
122 0 413 0 46.171062 STANDARD
123 0 790 0 50.783497 STANDARD
123 0 1335 0 49.230675 STANDARD
123 0 1143 0 46.668846 STANDARD
123 0 917 0 44.589977 STANDARD
123 0 599 0 43.1883 STANDARD
123 0 748 0 41.458733 STANDARD
123 0 947 0 39.506756 STANDARD
123 0 159 0 36.62368 STANDARD
123 0 1345 0 35.682976 STANDARD
123 0 1317 0 34.478325 STANDARD
126 0 631 0 103.85274 STANDARD
126 0 598 0 77.78547 STANDARD
126 0 575 0 74.91422 STANDARD
126 0 109 0 69.35857 STANDARD
126 0 1354 0 67.8396 STANDARD
126 0 799 0 67.799904 STANDARD
126 0 594 0 63.856808 STANDARD
126 0 755 0 63.038414 STANDARD
126 0 1286 0 62.71496 STANDARD
126 0 714 0 60.672623 STANDARD
128 0 1334 0 111.502655 STANDARD
128 0 677 0 96.71952 STANDARD
128 0 1332 0 88.461334 STANDARD
128 0 676 0 85.74376 STANDARD
128 0 451 0 81.8411 STANDARD
128 0 637 0 79.5746 STANDARD
128 0 705 0 75.56892 STANDARD
128 0 250 0 74.12389 STANDARD
128 0 1280 0 73.11634 STANDARD
128 0 632 0 71.73298 STANDARD
130 0 224 0 47.358627 STANDARD
130 0 19 0 47.13524 STANDARD
130 0 706 0 42.61766 STANDARD
130 0 633 0 42.321014 STANDARD
130 0 1387 0 41.88327 STANDARD
130 0 1330 0 41.09389 STANDARD
130 0 1230 0 38.362488 STANDARD
130 0 1179 0 37.030865 STANDARD
130 0 428 0 36.293007 STANDARD
130 0 871 0 35.956818 STANDARD
131 0 294 0 72.11166 STANDARD
131 0 159 0 69.74118 STANDARD
131 0 923 0 69.0341 STANDARD
131 0 861 0 63.660217 STANDARD
131 0 522 0 62.384674 STANDARD
131 0 1281 0 61.179893 STANDARD
131 0 378 0 60.559937 STANDARD
131 0 387 0 60.165306 STANDARD
131 0 62 0 58.225594 STANDARD
131 0 98 0 58.154236 STANDARD
132 0 96 0 73.75998 STANDARD
132 0 418 0 72.61457 STANDARD
132 0 516 0 61.54352 STANDARD
132 0 109 0 59.38979 STANDARD
132 0 575 0 56.52421 STANDARD
132 0 431 0 56.290146 STANDARD
132 0 1284 0 55.97771 STANDARD
132 0 1278 0 53.254677 STANDARD
132 0 311 0 51.57148 STANDARD
132 0 1313 0 51.219273 STANDARD
133 0 790 0 97.042854 STANDARD
133 0 755 0 93.897156 STANDARD
133 0 594 0 77.406105 STANDARD
133 0 608 0 71.11163 STANDARD
133 0 280 0 65.130745 STANDARD
133 0 876 0 61.000134 STANDARD
133 0 1143 0 52.182243 STANDARD
133 0 252 0 50.380215 STANDARD
133 0 272 0 50.12595 STANDARD
133 0 1272 0 50.12595 STANDARD
135 0 26 0 101.27616 STANDARD
135 0 572 0 83.29798 STANDARD
135 0 334 0 79.69625 STANDARD
135 0 134 0 70.781425 STANDARD
135 0 1198 0 69.53241 STANDARD
135 0 569 0 67.4463 STANDARD
135 0 291 0 66.958855 STANDARD
135 0 335 0 64.6471 STANDARD
135 0 1228 0 63.551266 STANDARD
135 0 797 0 60.456875 STANDARD
136 0 548 0 131.73836 STANDARD
136 0 622 0 109.39502 STANDARD
136 0 616 0 103.14146 STANDARD
136 0 614 0 95.11349 STANDARD
136 0 613 0 93.1894 STANDARD
136 0 615 0 69.949524 STANDARD
136 0 617 0 61.060913 STANDARD
136 0 1103 0 57.865013 STANDARD
136 0 620 0 56.396854 STANDARD
136 0 1150 0 54.297726 STANDARD
137 0 793 0 107.72898 STANDARD
137 0 797 0 94.43488 STANDARD
137 0 226 0 86.16655 STANDARD
137 0 561 0 71.12114 STANDARD
137 0 1341 0 70.94878 STANDARD
137 0 1338 0 67.68537 STANDARD
137 0 205 0 67.29963 STANDARD
137 0 757 0 67.05036 STANDARD
137 0 794 0 65.72178 STANDARD
137 0 796 0 63.94384 STANDARD
138 0 1187 0 77.52707 STANDARD
138 0 416 0 61.550858 STANDARD
138 0 358 0 59.259834 STANDARD
138 0 293 0 50.344646 STANDARD
138 0 1383 0 48.876305 STANDARD
138 0 457 0 47.06397 STANDARD
138 0 1216 0 44.55327 STANDARD
138 0 209 0 44.338203 STANDARD
138 0 411 0 40.447765 STANDARD
138 0 1311 0 38.420254 STANDARD
139 0 800 0 60.89559 STANDARD
139 0 799 0 55.71736 STANDARD
139 0 610 0 46.75785 STANDARD
139 0 672 0 46.75785 STANDARD
139 0 879 0 46.602154 STANDARD
139 0 315 0 43.441116 STANDARD
139 0 923 0 40.61808 STANDARD
139 0 252 0 38.90363 STANDARD
139 0 139 0 38.711533 STANDARD
139 0 916 0 38.271004 STANDARD
140 0 758 0 93.31911 STANDARD
140 0 1143 0 82.983 STANDARD
140 0 683 0 74.134995 STANDARD
140 0 811 0 73.24061 STANDARD
140 0 804 0 72.03738 STANDARD
140 0 1247 0 69.161896 STANDARD
140 0 809 0 65.506996 STANDARD
140 0 993 0 62.817482 STANDARD
140 0 304 0 59.735878 STANDARD
140 0 444 0 57.44297 STANDARD
141 0 691 0 100.157036 STANDARD
141 0 635 0 95.74528 STANDARD
141 0 1150 0 62.153076 STANDARD
141 0 1336 0 61.223736 STANDARD
141 0 280 0 57.255775 STANDARD
141 0 68 0 55.26628 STANDARD
141 0 621 0 53.92125 STANDARD
141 0 1143 0 52.976917 STANDARD
141 0 1159 0 52.931477 STANDARD
141 0 355 0 51.432926 STANDARD
142 0 559 0 94.644714 STANDARD
142 0 1393 0 86.05528 STANDARD
142 0 35 0 77.22484 STANDARD
142 0 437 0 73.677055 STANDARD
142 0 668 0 72.17097 STANDARD
142 0 438 0 71.32728 STANDARD
142 0 1099 0 69.19638 STANDARD
142 0 303 0 66.13683 STANDARD
142 0 24 0 65.65759 STANDARD
142 0 524 0 64.8247 STANDARD
143 0 370 0 72.15585 STANDARD
143 0 1191 0 54.148376 STANDARD
143 0 662 0 49.604004 STANDARD
143 0 283 0 48.306225 STANDARD
143 0 240 0 47.25187 STANDARD
143 0 689 0 42.577854 STANDARD
143 0 1258 0 41.785892 STANDARD
143 0 1384 0 39.88789 STANDARD
143 0 635 0 39.288754 STANDARD
143 0 1387 0 39.003075 STANDARD
145 0 637 0 87.43025 STANDARD
145 0 705 0 82.82374 STANDARD
145 0 1334 0 70.550514 STANDARD
145 0 632 0 70.262 STANDARD
145 0 1332 0 68.343636 STANDARD
145 0 698 0 63.8069 STANDARD
145 0 699 0 56.272446 STANDARD
145 0 247 0 56.23642 STANDARD
145 0 682 0 49.52009 STANDARD
145 0 677 0 49.517063 STANDARD
146 0 356 0 50.869926 STANDARD
146 0 725 0 46.005005 STANDARD
146 0 67 0 45.165794 STANDARD
146 0 779 0 44.068226 STANDARD
146 0 807 0 43.15202 STANDARD
146 0 805 0 42.18006 STANDARD
146 0 790 0 40.746952 STANDARD
146 0 1260 0 40.610924 STANDARD
146 0 114 0 40.342587 STANDARD
146 0 1289 0 38.302822 STANDARD
147 0 673 0 77.87282 STANDARD
147 0 222 0 65.11631 STANDARD
147 0 1339 0 47.94661 STANDARD
147 0 704 0 47.65709 STANDARD
147 0 526 0 47.09078 STANDARD
147 0 638 0 45.53262 STANDARD
147 0 189 0 43.807884 STANDARD
147 0 239 0 43.62874 STANDARD
147 0 139 0 43.42745 STANDARD
147 0 1084 0 43.42745 STANDARD
148 0 211 0 91.82997 STANDARD
148 0 1166 0 73.169525 STANDARD
148 0 719 0 61.159954 STANDARD
148 0 307 0 57.80688 STANDARD
148 0 1141 0 56.939026 STANDARD
148 0 1387 0 56.280056 STANDARD
148 0 59 0 56.00606 STANDARD
148 0 715 0 52.93134 STANDARD
148 0 1384 0 47.823986 STANDARD
148 0 373 0 42.977448 STANDARD
149 0 1122 0 126.651794 STANDARD
149 0 739 0 116.07585 STANDARD
149 0 822 0 110.40625 STANDARD
149 0 741 0 107.77541 STANDARD
149 0 1171 0 93.26171 STANDARD
149 0 763 0 84.80398 STANDARD
149 0 760 0 84.50824 STANDARD
149 0 740 0 82.198395 STANDARD
149 0 953 0 81.50684 STANDARD
149 0 932 0 81.43239 STANDARD
150 0 1119 0 82.99604 STANDARD
150 0 817 0 77.27599 STANDARD
150 0 1067 0 77.1298 STANDARD
150 0 1120 0 61.625065 STANDARD
150 0 1392 0 52.729607 STANDARD
150 0 835 0 47.57809 STANDARD
150 0 962 0 46.353176 STANDARD
150 0 491 0 46.1612 STANDARD
150 0 99 0 45.512493 STANDARD
150 0 825 0 44.604977 STANDARD
152 0 913 0 38.213493 STANDARD
152 0 728 0 32.32542 STANDARD
152 0 516 0 32.163445 STANDARD
152 0 1001 0 32.163445 STANDARD
152 0 313 0 31.381998 STANDARD
152 0 1242 0 31.381998 STANDARD
152 0 119 0 30.976383 STANDARD
152 0 910 0 30.496496 STANDARD
152 0 1092 0 30.495005 STANDARD
152 0 729 0 27.839863 STANDARD
153 0 1127 0 56.70817 STANDARD
153 0 1387 0 49.2935 STANDARD
153 0 761 0 46.92395 STANDARD
153 0 440 0 45.97255 STANDARD
153 0 771 0 40.324535 STANDARD
153 0 720 0 37.99148 STANDARD
153 0 1050 0 37.88272 STANDARD
153 0 770 0 35.23956 STANDARD
153 0 1196 0 35.23956 STANDARD
153 0 328 0 31.75498 STANDARD
154 0 241 0 63.29747 STANDARD
154 0 1143 0 60.481003 STANDARD
154 0 1316 0 59.64583 STANDARD
154 0 818 0 53.39347 STANDARD
154 0 744 0 53.112816 STANDARD
154 0 393 0 50.426052 STANDARD
154 0 762 0 49.448647 STANDARD
154 0 664 0 49.103306 STANDARD
154 0 1230 0 47.4305 STANDARD
154 0 644 0 46.468678 STANDARD
155 0 848 0 154.5204 STANDARD
155 0 764 0 145.69316 STANDARD
155 0 847 0 77.37731 STANDARD
155 0 846 0 60.064278 STANDARD
155 0 1123 0 58.085556 STANDARD
155 0 1126 0 55.284122 STANDARD
155 0 929 0 55.133667 STANDARD
155 0 763 0 54.367485 STANDARD
155 0 173 0 49.902122 STANDARD
155 0 740 0 49.185905 STANDARD
156 0 344 0 53.063602 STANDARD
156 0 878 0 44.006676 STANDARD
156 0 908 0 38.113632 STANDARD
156 0 847 0 38.07112 STANDARD
156 0 100 0 31.476112 STANDARD
156 0 1041 0 28.982616 STANDARD
156 0 374 0 27.186539 STANDARD
156 0 846 0 26.807556 STANDARD
156 0 141 0 26.097708 STANDARD
156 0 598 0 26.097708 STANDARD
157 0 725 0 127.71765 STANDARD
157 0 911 0 81.35291 STANDARD
157 0 1165 0 77.86726 STANDARD
157 0 1279 0 72.73614 STANDARD
157 0 544 0 71.021576 STANDARD
157 0 497 0 70.7501 STANDARD
157 0 195 0 62.074043 STANDARD
157 0 254 0 61.12143 STANDARD
157 0 209 0 61.06707 STANDARD
157 0 640 0 59.07944 STANDARD
158 0 726 0 79.23653 STANDARD
158 0 720 0 58.06825 STANDARD
158 0 75 0 56.34053 STANDARD
158 0 640 0 53.003544 STANDARD
158 0 866 0 52.878555 STANDARD
158 0 883 0 52.878555 STANDARD
158 0 723 0 52.370323 STANDARD
158 0 1387 0 46.348507 STANDARD
158 0 1117 0 43.39888 STANDARD
158 0 727 0 42.03396 STANDARD
160 0 51 0 65.51868 STANDARD
160 0 1361 0 55.17579 STANDARD
160 0 1104 0 46.202824 STANDARD
160 0 142 0 45.414547 STANDARD
160 0 982 0 45.134274 STANDARD
160 0 29 0 40.4218 STANDARD
160 0 606 0 35.671936 STANDARD
160 0 887 0 33.905487 STANDARD
160 0 877 0 33.291317 STANDARD
160 0 709 0 32.75425 STANDARD
161 0 1126 0 58.171783 STANDARD
161 0 644 0 56.50479 STANDARD
161 0 874 0 52.115242 STANDARD
161 0 191 0 49.60962 STANDARD
161 0 1127 0 49.52721 STANDARD
161 0 260 0 49.314766 STANDARD
161 0 928 0 49.220764 STANDARD
161 0 1052 0 49.156567 STANDARD
161 0 744 0 49.057377 STANDARD
161 0 731 0 48.23747 STANDARD
163 0 894 0 96.65389 STANDARD
163 0 658 0 67.18389 STANDARD
163 0 15 0 58.12963 STANDARD
163 0 856 0 46.317585 STANDARD
163 0 390 0 46.08749 STANDARD
163 0 634 0 43.042896 STANDARD
163 0 948 0 42.909904 STANDARD
163 0 1337 0 42.190266 STANDARD
163 0 749 0 41.167862 STANDARD
163 0 444 0 40.477146 STANDARD
164 0 641 0 110.70251 STANDARD
164 0 731 0 83.18732 STANDARD
164 0 730 0 81.755 STANDARD
164 0 648 0 79.479996 STANDARD
164 0 854 0 76.41937 STANDARD
164 0 734 0 74.65655 STANDARD
164 0 955 0 74.62061 STANDARD
164 0 425 0 73.38554 STANDARD
164 0 422 0 70.15761 STANDARD
164 0 740 0 69.91717 STANDARD
165 0 205 0 68.46833 STANDARD
165 0 685 0 67.74205 STANDARD
165 0 1328 0 63.40638 STANDARD
165 0 285 0 53.954235 STANDARD
165 0 1333 0 53.765232 STANDARD
165 0 1104 0 52.42801 STANDARD
165 0 748 0 52.1932 STANDARD
165 0 755 0 50.55151 STANDARD
165 0 312 0 49.14616 STANDARD
165 0 1342 0 48.666843 STANDARD
167 0 895 0 150.65308 STANDARD
167 0 780 0 112.260475 STANDARD
167 0 1387 0 100.50317 STANDARD
167 0 918 0 92.86155 STANDARD
167 0 783 0 91.05415 STANDARD
167 0 1290 0 84.768776 STANDARD
167 0 609 0 84.75597 STANDARD
167 0 919 0 83.734085 STANDARD
167 0 1338 0 80.99583 STANDARD
167 0 1143 0 78.76124 STANDARD
168 0 13 0 69.372345 STANDARD
168 0 878 0 67.71267 STANDARD
168 0 902 0 63.7783 STANDARD
168 0 1002 0 62.06155 STANDARD
168 0 1335 0 61.68225 STANDARD
168 0 933 0 59.573956 STANDARD
168 0 520 0 57.35478 STANDARD
168 0 969 0 56.583748 STANDARD
168 0 280 0 56.19481 STANDARD
168 0 699 0 54.63671 STANDARD
169 0 1351 0 80.41687 STANDARD
169 0 605 0 78.972046 STANDARD
169 0 1231 0 71.18678 STANDARD
169 0 522 0 65.55826 STANDARD
169 0 1292 0 64.24864 STANDARD
169 0 1000 0 63.132812 STANDARD
169 0 123 0 62.58236 STANDARD
169 0 1308 0 61.737602 STANDARD
169 0 1387 0 60.086166 STANDARD
169 0 759 0 59.302967 STANDARD
170 0 1032 0 85.36201 STANDARD
170 0 229 0 71.701706 STANDARD
170 0 1342 0 63.677296 STANDARD
170 0 440 0 61.711327 STANDARD
170 0 1328 0 57.53891 STANDARD
170 0 230 0 57.215214 STANDARD
170 0 1387 0 53.34552 STANDARD
170 0 1115 0 51.984314 STANDARD
170 0 924 0 51.28265 STANDARD
170 0 434 0 49.562397 STANDARD
171 0 230 0 89.84109 STANDARD
171 0 923 0 83.86593 STANDARD
171 0 229 0 72.275955 STANDARD
171 0 803 0 70.145966 STANDARD
171 0 924 0 67.35358 STANDARD
171 0 431 0 64.30599 STANDARD
171 0 246 0 63.700466 STANDARD
171 0 545 0 61.935596 STANDARD
171 0 1074 0 60.387962 STANDARD
171 0 600 0 60.17735 STANDARD
173 0 744 0 76.53535 STANDARD
173 0 1122 0 70.84807 STANDARD
173 0 1056 0 67.53064 STANDARD
173 0 130 0 65.05227 STANDARD
173 0 1048 0 62.635376 STANDARD
173 0 1068 0 61.6321 STANDARD
173 0 1145 0 60.746384 STANDARD
173 0 1054 0 57.640327 STANDARD
173 0 765 0 57.480267 STANDARD
173 0 926 0 57.06144 STANDARD
175 0 769 0 119.90329 STANDARD
175 0 887 0 110.36914 STANDARD
175 0 886 0 97.77005 STANDARD
175 0 890 0 93.620125 STANDARD
175 0 763 0 78.12997 STANDARD
175 0 891 0 74.32193 STANDARD
175 0 760 0 72.81211 STANDARD
175 0 739 0 71.40484 STANDARD
175 0 1173 0 71.40484 STANDARD
175 0 1146 0 67.14152 STANDARD
176 0 887 0 77.22526 STANDARD
176 0 580 0 66.214264 STANDARD
176 0 1392 0 63.187828 STANDARD
176 0 769 0 63.060047 STANDARD
176 0 75 0 62.154602 STANDARD
176 0 1146 0 59.725758 STANDARD
176 0 1126 0 55.02204 STANDARD
176 0 837 0 54.549248 STANDARD
176 0 1056 0 54.549248 STANDARD
176 0 31 0 54.525116 STANDARD
177 0 931 0 62.16787 STANDARD
177 0 898 0 55.76798 STANDARD
177 0 600 0 49.621597 STANDARD
177 0 934 0 49.22354 STANDARD
177 0 930 0 48.778015 STANDARD
177 0 937 0 48.442074 STANDARD
177 0 1287 0 45.991226 STANDARD
177 0 957 0 44.98502 STANDARD
177 0 1131 0 43.666252 STANDARD
177 0 897 0 43.17063 STANDARD
181 0 740 0 64.04496 STANDARD
181 0 394 0 59.731102 STANDARD
181 0 676 0 54.61977 STANDARD
181 0 941 0 51.039585 STANDARD
181 0 389 0 49.197037 STANDARD
181 0 1076 0 46.164288 STANDARD
181 0 309 0 45.252926 STANDARD
181 0 1222 0 44.88838 STANDARD
181 0 1342 0 43.772106 STANDARD
181 0 254 0 42.544052 STANDARD
182 0 941 0 107.084305 STANDARD
182 0 171 0 84.2016 STANDARD
182 0 902 0 76.86434 STANDARD
182 0 1395 0 75.10719 STANDARD
182 0 109 0 72.72045 STANDARD
182 0 185 0 72.39721 STANDARD
182 0 1153 0 68.94991 STANDARD
182 0 414 0 66.645615 STANDARD
182 0 631 0 64.75525 STANDARD
182 0 1387 0 64.22725 STANDARD
183 0 1074 0 46.540245 STANDARD
183 0 1075 0 41.438732 STANDARD
183 0 993 0 38.917522 STANDARD
183 0 772 0 35.593056 STANDARD
183 0 1093 0 34.983727 STANDARD
183 0 243 0 33.23055 STANDARD
183 0 1061 0 32.15751 STANDARD
183 0 1062 0 31.876421 STANDARD
183 0 52 0 30.377026 STANDARD
183 0 923 0 29.497581 STANDARD
184 0 974 0 136.75174 STANDARD
184 0 1288 0 107.34742 STANDARD
184 0 1326 0 74.35283 STANDARD
184 0 397 0 36.83273 STANDARD
184 0 481 0 30.3108 STANDARD
184 0 451 0 27.829512 STANDARD
184 0 368 0 25.96713 STANDARD
184 0 337 0 24.283485 STANDARD
184 0 1265 0 24.204039 STANDARD
184 0 1082 0 23.58931 STANDARD
187 0 981 0 97.66741 STANDARD
187 0 5 0 96.68068 STANDARD
187 0 637 0 57.28774 STANDARD
187 0 983 0 56.018555 STANDARD
187 0 378 0 55.326073 STANDARD
187 0 22 0 55.173313 STANDARD
187 0 98 0 53.22447 STANDARD
187 0 591 0 52.934128 STANDARD
187 0 1147 0 52.66543 STANDARD
187 0 111 0 52.61927 STANDARD
189 0 945 0 162.02386 STANDARD
189 0 92 0 53.495834 STANDARD
189 0 1063 0 53.495834 STANDARD
189 0 1246 0 51.768417 STANDARD
189 0 429 0 49.11266 STANDARD
189 0 141 0 48.954235 STANDARD
189 0 111 0 48.35882 STANDARD
189 0 203 0 47.01325 STANDARD
189 0 792 0 44.31613 STANDARD
189 0 985 0 42.397266 STANDARD
190 0 989 0 77.44465 STANDARD
190 0 660 0 76.29113 STANDARD
190 0 933 0 60.778687 STANDARD
190 0 988 0 58.064163 STANDARD
190 0 945 0 53.314476 STANDARD
190 0 476 0 50.308395 STANDARD
190 0 527 0 48.974895 STANDARD
190 0 4 0 48.83801 STANDARD
190 0 622 0 47.726402 STANDARD
190 0 1368 0 45.613297 STANDARD
196 0 948 0 89.674446 STANDARD
196 0 982 0 76.50362 STANDARD
196 0 727 0 73.09784 STANDARD
196 0 51 0 69.09722 STANDARD
196 0 419 0 67.9265 STANDARD
196 0 142 0 65.47774 STANDARD
196 0 1361 0 59.019722 STANDARD
196 0 59 0 58.57175 STANDARD
196 0 285 0 56.440163 STANDARD
196 0 1392 0 54.06053 STANDARD
200 0 950 0 94.04457 STANDARD
200 0 1125 0 53.21124 STANDARD
200 0 1143 0 47.622913 STANDARD
200 0 1017 0 46.329163 STANDARD
200 0 1018 0 46.329163 STANDARD
200 0 1019 0 46.329163 STANDARD
200 0 1020 0 46.329163 STANDARD
200 0 1021 0 46.329163 STANDARD
200 0 1022 0 46.329163 STANDARD
200 0 1023 0 46.329163 STANDARD
201 0 950 0 47.565 STANDARD
201 0 997 0 46.877872 STANDARD
201 0 1017 0 40.88365 STANDARD
201 0 1018 0 40.88365 STANDARD
201 0 1019 0 40.88365 STANDARD
201 0 1020 0 40.88365 STANDARD
201 0 1021 0 40.88365 STANDARD
201 0 1022 0 40.88365 STANDARD
201 0 1023 0 40.88365 STANDARD
201 0 1024 0 40.88365 STANDARD
202 0 950 0 45.44272 STANDARD
202 0 856 0 44.245598 STANDARD
202 0 997 0 44.245598 STANDARD
202 0 1017 0 40.88365 STANDARD
202 0 1018 0 40.88365 STANDARD
202 0 1019 0 40.88365 STANDARD
202 0 1020 0 40.88365 STANDARD
202 0 1021 0 40.88365 STANDARD
202 0 1022 0 40.88365 STANDARD
202 0 1023 0 40.88365 STANDARD
203 0 1387 0 60.75575 STANDARD
203 0 1012 0 60.193977 STANDARD
203 0 951 0 57.79088 STANDARD
203 0 723 0 55.643375 STANDARD
203 0 640 0 51.28205 STANDARD
203 0 1017 0 50.645107 STANDARD
203 0 1018 0 50.645107 STANDARD
203 0 1019 0 50.645107 STANDARD
203 0 1020 0 50.645107 STANDARD
203 0 1021 0 50.645107 STANDARD
204 0 1017 0 64.882935 STANDARD
204 0 1018 0 64.882935 STANDARD
204 0 1019 0 64.882935 STANDARD
204 0 1020 0 64.882935 STANDARD
204 0 1021 0 64.882935 STANDARD
204 0 1022 0 64.882935 STANDARD
204 0 1023 0 64.882935 STANDARD
204 0 1024 0 64.882935 STANDARD
204 0 1025 0 64.882935 STANDARD
204 0 1026 0 64.882935 STANDARD
205 0 1033 0 76.749664 STANDARD
205 0 831 0 74.068 STANDARD
205 0 1145 0 55.782883 STANDARD
205 0 1131 0 54.488243 STANDARD
205 0 951 0 52.56582 STANDARD
205 0 1125 0 51.948734 STANDARD
205 0 761 0 51.32561 STANDARD
205 0 763 0 47.516 STANDARD
205 0 829 0 46.578133 STANDARD
205 0 964 0 43.857277 STANDARD
206 0 952 0 222.12584 STANDARD
206 0 1032 0 116.49075 STANDARD
206 0 740 0 81.79338 STANDARD
206 0 1171 0 74.06779 STANDARD
206 0 1336 0 72.956665 STANDARD
206 0 1129 0 69.3761 STANDARD
206 0 75 0 69.13356 STANDARD
206 0 852 0 66.78735 STANDARD
206 0 1123 0 65.37596 STANDARD
206 0 1125 0 63.38828 STANDARD
208 0 740 0 79.83586 STANDARD
208 0 846 0 78.36306 STANDARD
208 0 841 0 67.35241 STANDARD
208 0 953 0 67.09761 STANDARD
208 0 763 0 62.650295 STANDARD
208 0 769 0 56.843243 STANDARD
208 0 870 0 56.2397 STANDARD
208 0 885 0 55.19879 STANDARD
208 0 42 0 54.568924 STANDARD
208 0 890 0 50.366142 STANDARD
209 0 846 0 96.56573 STANDARD
209 0 740 0 86.29121 STANDARD
209 0 763 0 79.710846 STANDARD
209 0 841 0 73.44089 STANDARD
209 0 723 0 71.32258 STANDARD
209 0 887 0 70.30944 STANDARD
209 0 953 0 69.09358 STANDARD
209 0 1131 0 65.32087 STANDARD
209 0 1171 0 62.85 STANDARD
209 0 955 0 62.17369 STANDARD
210 0 954 0 78.88268 STANDARD
210 0 497 0 47.47415 STANDARD
210 0 1045 0 37.508614 STANDARD
210 0 1046 0 37.508614 STANDARD
210 0 1047 0 37.508614 STANDARD
210 0 1041 0 35.62182 STANDARD
210 0 862 0 34.931313 STANDARD
210 0 1175 0 31.192421 STANDARD
210 0 720 0 30.442226 STANDARD
210 0 819 0 30.151896 STANDARD
211 0 1135 0 60.902958 STANDARD
211 0 160 0 50.71134 STANDARD
211 0 819 0 46.611626 STANDARD
211 0 885 0 42.53839 STANDARD
211 0 828 0 42.421387 STANDARD
211 0 59 0 40.295784 STANDARD
211 0 164 0 34.382374 STANDARD
211 0 1100 0 33.425488 STANDARD
211 0 935 0 33.132595 STANDARD
211 0 1041 0 32.647892 STANDARD
212 0 1175 0 90.56083 STANDARD
212 0 280 0 42.72684 STANDARD
212 0 885 0 35.96721 STANDARD
212 0 740 0 35.15848 STANDARD
212 0 846 0 34.678875 STANDARD
212 0 935 0 32.591972 STANDARD
212 0 870 0 32.46457 STANDARD
212 0 763 0 31.207355 STANDARD
212 0 969 0 30.770214 STANDARD
212 0 765 0 30.553032 STANDARD
213 0 954 0 52.97463 STANDARD
213 0 1360 0 43.79667 STANDARD
213 0 59 0 43.60369 STANDARD
213 0 885 0 42.53839 STANDARD
213 0 828 0 42.421387 STANDARD
213 0 1045 0 39.76529 STANDARD
213 0 1046 0 39.76529 STANDARD
213 0 1047 0 39.76529 STANDARD
213 0 930 0 39.315742 STANDARD
213 0 1041 0 36.974846 STANDARD
214 0 1045 0 107.27859 STANDARD
214 0 1046 0 107.27859 STANDARD
214 0 1047 0 107.27859 STANDARD
214 0 839 0 87.7659 STANDARD
214 0 1121 0 79.73288 STANDARD
214 0 1178 0 74.58811 STANDARD
214 0 1051 0 68.21592 STANDARD
214 0 1342 0 67.867355 STANDARD
214 0 1176 0 66.85909 STANDARD
214 0 1340 0 66.638824 STANDARD
215 0 1045 0 79.78765 STANDARD
215 0 1046 0 79.78765 STANDARD
215 0 1047 0 79.78765 STANDARD
215 0 1048 0 79.624 STANDARD
215 0 928 0 60.381004 STANDARD
215 0 826 0 49.695312 STANDARD
215 0 454 0 46.92354 STANDARD
215 0 838 0 44.822193 STANDARD
215 0 936 0 42.765427 STANDARD
215 0 866 0 42.39324 STANDARD
216 0 955 0 82.43941 STANDARD
216 0 1045 0 82.04433 STANDARD
216 0 1046 0 82.04433 STANDARD
216 0 1047 0 82.04433 STANDARD
216 0 840 0 73.548164 STANDARD
216 0 1143 0 71.50523 STANDARD
216 0 928 0 53.123596 STANDARD
216 0 641 0 52.41701 STANDARD
216 0 609 0 50.98286 STANDARD
216 0 1176 0 42.677635 STANDARD
217 0 956 0 135.90399 STANDARD
217 0 1049 0 90.11706 STANDARD
217 0 1050 0 82.56786 STANDARD
217 0 1392 0 71.19448 STANDARD
217 0 1128 0 53.43118 STANDARD
217 0 1400 0 49.03199 STANDARD
217 0 1358 0 47.930576 STANDARD
217 0 1145 0 46.604027 STANDARD
217 0 391 0 46.15331 STANDARD
217 0 1069 0 43.731827 STANDARD
218 0 1048 0 104.85749 STANDARD
218 0 1050 0 54.311897 STANDARD
218 0 826 0 51.077698 STANDARD
218 0 928 0 48.91292 STANDARD
218 0 761 0 46.92395 STANDARD
218 0 1127 0 46.92395 STANDARD
218 0 1069 0 43.731827 STANDARD
218 0 1146 0 43.02073 STANDARD
218 0 788 0 38.0546 STANDARD
218 0 1174 0 37.8694 STANDARD
219 0 930 0 55.659992 STANDARD
219 0 740 0 50.18421 STANDARD
219 0 957 0 42.728344 STANDARD
219 0 931 0 42.313915 STANDARD
219 0 741 0 42.247845 STANDARD
219 0 937 0 42.11914 STANDARD
219 0 742 0 41.174656 STANDARD
219 0 1070 0 40.945667 STANDARD
219 0 926 0 39.647892 STANDARD
219 0 1131 0 36.37204 STANDARD
223 0 1062 0 125.746445 STANDARD
223 0 1074 0 103.1195 STANDARD
223 0 1075 0 88.85132 STANDARD
223 0 923 0 67.33185 STANDARD
223 0 687 0 61.756065 STANDARD
223 0 1108 0 60.145157 STANDARD
223 0 593 0 58.88529 STANDARD
223 0 1202 0 51.84055 STANDARD
223 0 231 0 50.790524 STANDARD
223 0 259 0 50.110466 STANDARD
224 0 924 0 68.483826 STANDARD
224 0 783 0 63.637306 STANDARD
224 0 1261 0 59.414566 STANDARD
224 0 677 0 57.67384 STANDARD
224 0 917 0 55.93623 STANDARD
224 0 1262 0 55.003418 STANDARD
224 0 676 0 50.103756 STANDARD
224 0 370 0 47.062897 STANDARD
224 0 249 0 46.137077 STANDARD
224 0 1387 0 45.196716 STANDARD
225 0 288 0 56.553017 STANDARD
225 0 43 0 54.796078 STANDARD
225 0 342 0 54.25553 STANDARD
225 0 671 0 53.885235 STANDARD
225 0 59 0 53.076363 STANDARD
225 0 1324 0 52.36976 STANDARD
225 0 1107 0 52.306095 STANDARD
225 0 443 0 51.105133 STANDARD
225 0 293 0 50.010975 STANDARD
225 0 307 0 49.982254 STANDARD
226 0 1085 0 72.21368 STANDARD
226 0 1063 0 68.38393 STANDARD
226 0 1081 0 61.802727 STANDARD
226 0 228 0 53.615112 STANDARD
226 0 1088 0 47.204514 STANDARD
226 0 1082 0 38.676975 STANDARD
226 0 1079 0 37.31231 STANDARD
226 0 551 0 28.995157 STANDARD
226 0 150 0 26.272638 STANDARD
226 0 853 0 26.272638 STANDARD
227 0 1088 0 142.534 STANDARD
227 0 1054 0 61.30871 STANDARD
227 0 1087 0 49.022263 STANDARD
227 0 1079 0 42.836246 STANDARD
227 0 1262 0 41.683178 STANDARD
227 0 1382 0 40.69658 STANDARD
227 0 1294 0 39.410606 STANDARD
227 0 833 0 36.689682 STANDARD
227 0 1362 0 36.689682 STANDARD
227 0 1073 0 34.50276 STANDARD
230 0 76 0 47.09014 STANDARD
230 0 1065 0 37.32178 STANDARD
230 0 1287 0 37.088596 STANDARD
230 0 199 0 34.801968 STANDARD
230 0 587 0 32.92505 STANDARD
230 0 1097 0 31.978178 STANDARD
230 0 1100 0 31.426315 STANDARD
230 0 1348 0 30.111704 STANDARD
230 0 120 0 29.312695 STANDARD
230 0 1099 0 28.804028 STANDARD
231 0 1096 0 62.717537 STANDARD
231 0 553 0 56.392616 STANDARD
231 0 818 0 40.275333 STANDARD
231 0 892 0 39.29673 STANDARD
231 0 1111 0 35.87495 STANDARD
231 0 1098 0 35.302986 STANDARD
231 0 82 0 34.893642 STANDARD
231 0 1387 0 33.843895 STANDARD
231 0 587 0 32.979805 STANDARD
231 0 1097 0 32.662685 STANDARD
232 0 456 0 86.18501 STANDARD
232 0 1214 0 77.113625 STANDARD
232 0 25 0 66.540436 STANDARD
232 0 557 0 66.38106 STANDARD
232 0 369 0 64.22167 STANDARD
232 0 294 0 64.00352 STANDARD
232 0 994 0 62.96399 STANDARD
232 0 556 0 61.19935 STANDARD
232 0 37 0 60.669773 STANDARD
232 0 1281 0 59.627163 STANDARD
233 0 302 0 74.17889 STANDARD
233 0 552 0 60.85201 STANDARD
233 0 59 0 45.76888 STANDARD
233 0 949 0 38.68917 STANDARD
233 0 1314 0 37.329506 STANDARD
233 0 767 0 36.053883 STANDARD
233 0 691 0 35.864605 STANDARD
233 0 571 0 33.782993 STANDARD
233 0 1303 0 33.634876 STANDARD
233 0 615 0 32.697433 STANDARD
234 0 1066 0 81.70251 STANDARD
234 0 1112 0 78.88637 STANDARD
234 0 42 0 64.92051 STANDARD
234 0 922 0 64.27142 STANDARD
234 0 1363 0 56.619156 STANDARD
234 0 1197 0 56.483696 STANDARD
234 0 326 0 55.259926 STANDARD
234 0 106 0 52.7646 STANDARD
234 0 154 0 51.78313 STANDARD
234 0 992 0 51.50725 STANDARD
241 0 891 0 127.75293 STANDARD
241 0 740 0 109.33252 STANDARD
241 0 1041 0 107.59363 STANDARD
241 0 885 0 91.924225 STANDARD
241 0 1071 0 88.18229 STANDARD
241 0 1126 0 80.69559 STANDARD
241 0 763 0 80.4102 STANDARD
241 0 764 0 76.25074 STANDARD
241 0 1129 0 74.47635 STANDARD
241 0 761 0 69.87939 STANDARD
245 0 1185 0 162.90317 STANDARD
245 0 1192 0 115.08305 STANDARD
245 0 54 0 110.637924 STANDARD
245 0 1386 0 92.58999 STANDARD
245 0 460 0 90.91814 STANDARD
245 0 1261 0 88.16 STANDARD
245 0 62 0 87.23315 STANDARD
245 0 364 0 85.93432 STANDARD
245 0 1366 0 84.69665 STANDARD
245 0 783 0 82.816635 STANDARD
246 0 62 0 96.684364 STANDARD
246 0 59 0 88.37758 STANDARD
246 0 55 0 85.712555 STANDARD
246 0 54 0 84.16285 STANDARD
246 0 460 0 82.16595 STANDARD
246 0 1109 0 79.3544 STANDARD
246 0 1366 0 77.903076 STANDARD
246 0 1185 0 73.48255 STANDARD
246 0 562 0 69.25115 STANDARD
246 0 526 0 67.94148 STANDARD
247 0 492 0 125.30761 STANDARD
247 0 56 0 89.90699 STANDARD
247 0 57 0 80.74454 STANDARD
247 0 48 0 79.11864 STANDARD
247 0 1311 0 68.42505 STANDARD
247 0 359 0 56.87003 STANDARD
247 0 469 0 54.123627 STANDARD
247 0 1236 0 53.62728 STANDARD
247 0 58 0 51.712006 STANDARD
247 0 354 0 50.254005 STANDARD
250 0 1187 0 77.52707 STANDARD
250 0 416 0 63.7555 STANDARD
250 0 358 0 60.428307 STANDARD
250 0 209 0 50.661133 STANDARD
250 0 1383 0 48.56144 STANDARD
250 0 1216 0 46.549244 STANDARD
250 0 311 0 44.70517 STANDARD
250 0 1311 0 43.899246 STANDARD
250 0 457 0 42.59427 STANDARD
250 0 170 0 40.92475 STANDARD
251 0 504 0 118.27726 STANDARD
251 0 978 0 68.870895 STANDARD
251 0 1268 0 64.949356 STANDARD
251 0 72 0 57.971893 STANDARD
251 0 49 0 56.689354 STANDARD
251 0 1203 0 56.50837 STANDARD
251 0 262 0 55.577267 STANDARD
251 0 256 0 53.13726 STANDARD
251 0 170 0 51.78288 STANDARD
251 0 388 0 51.614674 STANDARD
252 0 504 0 134.45027 STANDARD
252 0 256 0 66.70052 STANDARD
252 0 73 0 63.548553 STANDARD
252 0 72 0 57.971893 STANDARD
252 0 1203 0 56.50837 STANDARD
252 0 262 0 55.577267 STANDARD
252 0 1208 0 54.49594 STANDARD
252 0 611 0 52.59204 STANDARD
252 0 170 0 51.78288 STANDARD
252 0 1276 0 51.662594 STANDARD
253 0 1098 0 80.95341 STANDARD
253 0 1279 0 73.42495 STANDARD
253 0 677 0 58.90944 STANDARD
253 0 1185 0 56.55787 STANDARD
253 0 315 0 52.40261 STANDARD
253 0 1103 0 51.641727 STANDARD
253 0 123 0 48.879066 STANDARD
253 0 141 0 48.816658 STANDARD
253 0 395 0 48.078583 STANDARD
253 0 499 0 48.05253 STANDARD
254 0 118 0 96.05134 STANDARD
254 0 217 0 92.714745 STANDARD
254 0 1353 0 89.09267 STANDARD
254 0 1354 0 87.34303 STANDARD
254 0 942 0 77.257744 STANDARD
254 0 656 0 76.12846 STANDARD
254 0 4 0 75.65241 STANDARD
254 0 575 0 73.75602 STANDARD
254 0 561 0 72.15066 STANDARD
254 0 1180 0 71.78792 STANDARD
255 0 118 0 90.502815 STANDARD
255 0 217 0 83.47587 STANDARD
255 0 249 0 82.76159 STANDARD
255 0 1353 0 81.54097 STANDARD
255 0 561 0 78.75967 STANDARD
255 0 942 0 77.171974 STANDARD
255 0 549 0 76.49121 STANDARD
255 0 656 0 76.068565 STANDARD
255 0 1354 0 73.778275 STANDARD
255 0 575 0 72.509895 STANDARD
257 0 238 0 95.22068 STANDARD
257 0 139 0 82.136765 STANDARD
257 0 905 0 80.968636 STANDARD
257 0 1191 0 79.55545 STANDARD
257 0 1082 0 76.791275 STANDARD
257 0 893 0 75.03309 STANDARD
257 0 1080 0 69.52806 STANDARD
257 0 239 0 64.69772 STANDARD
257 0 666 0 62.43757 STANDARD
257 0 904 0 58.19174 STANDARD
259 0 431 0 131.23201 STANDARD
259 0 516 0 116.17353 STANDARD
259 0 1003 0 92.511955 STANDARD
259 0 1004 0 92.511955 STANDARD
259 0 1005 0 92.511955 STANDARD
259 0 1006 0 92.511955 STANDARD
259 0 1007 0 92.511955 STANDARD
259 0 1008 0 92.511955 STANDARD
259 0 1009 0 92.511955 STANDARD
259 0 1010 0 92.511955 STANDARD
261 0 321 0 138.51768 STANDARD
261 0 322 0 135.36986 STANDARD
261 0 320 0 129.572 STANDARD
261 0 476 0 118.09126 STANDARD
261 0 527 0 90.9911 STANDARD
261 0 731 0 47.958553 STANDARD
261 0 981 0 44.46138 STANDARD
261 0 478 0 43.785942 STANDARD
261 0 264 0 37.988636 STANDARD
261 0 369 0 37.988636 STANDARD
264 0 850 0 63.4354 STANDARD
264 0 1086 0 60.15694 STANDARD
264 0 532 0 58.938473 STANDARD
264 0 1073 0 53.284904 STANDARD
264 0 853 0 52.8128 STANDARD
264 0 1087 0 50.219723 STANDARD
264 0 367 0 49.233967 STANDARD
264 0 1294 0 43.577114 STANDARD
264 0 502 0 42.721813 STANDARD
264 0 1362 0 42.35781 STANDARD
265 0 483 0 75.70026 STANDARD
265 0 533 0 70.70596 STANDARD
265 0 501 0 43.38839 STANDARD
265 0 411 0 43.375862 STANDARD
265 0 1140 0 42.172035 STANDARD
265 0 866 0 35.172333 STANDARD
265 0 441 0 27.254065 STANDARD
265 0 883 0 27.186539 STANDARD
265 0 715 0 23.639002 STANDARD
265 0 1264 0 22.240566 STANDARD
266 0 1080 0 70.42757 STANDARD
266 0 1191 0 63.370132 STANDARD
266 0 666 0 61.104374 STANDARD
266 0 1082 0 57.275875 STANDARD
266 0 1256 0 55.217495 STANDARD
266 0 238 0 53.16225 STANDARD
266 0 670 0 48.98481 STANDARD
266 0 413 0 48.610146 STANDARD
266 0 776 0 48.39108 STANDARD
266 0 53 0 47.34362 STANDARD
267 0 542 0 129.2073 STANDARD
267 0 185 0 94.590195 STANDARD
267 0 869 0 61.73325 STANDARD
267 0 160 0 58.97648 STANDARD
267 0 181 0 54.07683 STANDARD
267 0 981 0 50.857197 STANDARD
267 0 451 0 48.154106 STANDARD
267 0 963 0 46.207397 STANDARD
267 0 586 0 45.99742 STANDARD
267 0 390 0 44.66353 STANDARD
268 0 590 0 70.80705 STANDARD
268 0 543 0 69.18326 STANDARD
268 0 216 0 51.325676 STANDARD
268 0 591 0 48.675877 STANDARD
268 0 1143 0 46.75811 STANDARD
268 0 772 0 42.771896 STANDARD
268 0 214 0 31.511591 STANDARD
268 0 237 0 31.258606 STANDARD
268 0 609 0 30.015675 STANDARD
268 0 1102 0 30.0039 STANDARD
269 0 740 0 76.90864 STANDARD
269 0 591 0 70.44751 STANDARD
269 0 216 0 58.56474 STANDARD
269 0 590 0 42.439236 STANDARD
269 0 523 0 40.94496 STANDARD
269 0 237 0 39.145153 STANDARD
269 0 394 0 36.35729 STANDARD
269 0 990 0 35.832733 STANDARD
269 0 18 0 35.04148 STANDARD
269 0 543 0 34.042427 STANDARD
272 0 224 0 106.03253 STANDARD
272 0 677 0 105.074196 STANDARD
272 0 468 0 96.557915 STANDARD
272 0 278 0 94.03315 STANDARD
272 0 633 0 89.8066 STANDARD
272 0 227 0 86.05903 STANDARD
272 0 740 0 84.74389 STANDARD
272 0 19 0 83.249855 STANDARD
272 0 680 0 80.11916 STANDARD
272 0 706 0 77.73148 STANDARD
273 0 622 0 72.32358 STANDARD
273 0 548 0 66.51434 STANDARD
273 0 616 0 64.086105 STANDARD
273 0 882 0 39.070023 STANDARD
273 0 1291 0 28.225433 STANDARD
273 0 673 0 27.761822 STANDARD
273 0 1103 0 27.666588 STANDARD
273 0 807 0 27.311186 STANDARD
273 0 387 0 27.082 STANDARD
273 0 184 0 26.810581 STANDARD
274 0 1074 0 48.89017 STANDARD
274 0 1075 0 43.169746 STANDARD
274 0 1199 0 36.840305 STANDARD
274 0 993 0 35.030766 STANDARD
274 0 1093 0 34.983727 STANDARD
274 0 1062 0 33.93232 STANDARD
274 0 1374 0 33.383137 STANDARD
274 0 243 0 33.23055 STANDARD
274 0 221 0 33.189556 STANDARD
274 0 1061 0 32.15751 STANDARD
275 0 634 0 209.89072 STANDARD
275 0 685 0 77.95044 STANDARD
275 0 440 0 74.70655 STANDARD
275 0 285 0 73.08062 STANDARD
275 0 572 0 67.93757 STANDARD
275 0 655 0 66.65277 STANDARD
275 0 856 0 62.86314 STANDARD
275 0 1300 0 62.28866 STANDARD
275 0 794 0 58.219322 STANDARD
275 0 569 0 57.83735 STANDARD
277 0 804 0 57.978584 STANDARD
277 0 809 0 45.19301 STANDARD
277 0 1188 0 41.00624 STANDARD
277 0 1247 0 40.676056 STANDARD
277 0 758 0 39.094193 STANDARD
277 0 971 0 35.90924 STANDARD
277 0 925 0 35.485165 STANDARD
277 0 808 0 34.093155 STANDARD
277 0 219 0 33.77128 STANDARD
277 0 740 0 32.539173 STANDARD
283 0 1379 0 50.326187 STANDARD
283 0 1391 0 44.727875 STANDARD
283 0 1217 0 43.128654 STANDARD
283 0 1219 0 43.128654 STANDARD
283 0 274 0 41.639847 STANDARD
283 0 555 0 38.3285 STANDARD
283 0 254 0 34.387383 STANDARD
283 0 1346 0 30.553804 STANDARD
283 0 639 0 29.528751 STANDARD
283 0 713 0 26.240704 STANDARD
284 0 856 0 86.411354 STANDARD
284 0 390 0 71.36039 STANDARD
284 0 15 0 58.12963 STANDARD
284 0 857 0 52.66401 STANDARD
284 0 658 0 51.35367 STANDARD
284 0 997 0 42.169685 STANDARD
284 0 948 0 41.236187 STANDARD
284 0 878 0 36.052933 STANDARD
284 0 894 0 34.5543 STANDARD
284 0 775 0 31.164354 STANDARD
285 0 1074 0 49.425705 STANDARD
285 0 1143 0 48.982048 STANDARD
285 0 923 0 47.719524 STANDARD
285 0 610 0 46.75785 STANDARD
285 0 672 0 46.75785 STANDARD
285 0 230 0 44.637726 STANDARD
285 0 520 0 43.646038 STANDARD
285 0 1062 0 43.241425 STANDARD
285 0 1075 0 42.017998 STANDARD
285 0 1239 0 38.652325 STANDARD
288 0 763 0 148.18721 STANDARD
288 0 841 0 105.97214 STANDARD
288 0 846 0 101.70693 STANDARD
288 0 839 0 85.32386 STANDARD
288 0 1051 0 78.503204 STANDARD
288 0 926 0 76.323746 STANDARD
288 0 739 0 75.72664 STANDARD
288 0 1173 0 75.72664 STANDARD
288 0 740 0 75.46669 STANDARD
288 0 1071 0 73.53595 STANDARD
291 0 725 0 93.12398 STANDARD
291 0 497 0 73.491425 STANDARD
291 0 722 0 66.12962 STANDARD
291 0 740 0 65.325226 STANDARD
291 0 909 0 59.705322 STANDARD
291 0 544 0 57.77327 STANDARD
291 0 997 0 54.445984 STANDARD
291 0 254 0 53.767014 STANDARD
291 0 1279 0 51.933846 STANDARD
291 0 1165 0 51.25727 STANDARD
292 0 1261 0 62.38528 STANDARD
292 0 945 0 57.28192 STANDARD
292 0 924 0 56.35478 STANDARD
292 0 783 0 55.95116 STANDARD
292 0 1185 0 55.602997 STANDARD
292 0 917 0 53.984432 STANDARD
292 0 676 0 53.977676 STANDARD
292 0 985 0 50.77092 STANDARD
292 0 1077 0 50.672874 STANDARD
292 0 1262 0 50.387154 STANDARD
293 0 42 0 73.89905 STANDARD
293 0 658 0 69.16001 STANDARD
293 0 1387 0 60.251244 STANDARD
293 0 948 0 59.70997 STANDARD
293 0 15 0 58.12963 STANDARD
293 0 856 0 51.204906 STANDARD
293 0 979 0 49.76173 STANDARD
293 0 1066 0 48.77222 STANDARD
293 0 818 0 48.046093 STANDARD
293 0 627 0 46.87405 STANDARD
294 0 660 0 60.83081 STANDARD
294 0 1392 0 52.93841 STANDARD
294 0 658 0 51.35367 STANDARD
294 0 15 0 50.28324 STANDARD
294 0 1387 0 50.037846 STANDARD
294 0 265 0 50.02809 STANDARD
294 0 621 0 48.062775 STANDARD
294 0 390 0 46.08749 STANDARD
294 0 857 0 44.998146 STANDARD
294 0 933 0 44.673225 STANDARD
295 0 641 0 75.38378 STANDARD
295 0 735 0 59.059162 STANDARD
295 0 647 0 44.281483 STANDARD
295 0 734 0 42.65734 STANDARD
295 0 1135 0 24.589676 STANDARD
295 0 777 0 24.401596 STANDARD
295 0 1202 0 24.401596 STANDARD
295 0 551 0 23.677887 STANDARD
295 0 1212 0 22.77312 STANDARD
295 0 642 0 22.04316 STANDARD
296 0 1088 0 57.133705 STANDARD
296 0 641 0 49.538734 STANDARD
296 0 730 0 44.869747 STANDARD
296 0 425 0 39.178894 STANDARD
296 0 551 0 39.16006 STANDARD
296 0 734 0 35.408768 STANDARD
296 0 422 0 31.660563 STANDARD
296 0 1392 0 30.65887 STANDARD
296 0 1174 0 30.11148 STANDARD
296 0 886 0 29.067259 STANDARD
297 0 642 0 183.09126 STANDARD
297 0 744 0 106.73473 STANDARD
297 0 740 0 99.67889 STANDARD
297 0 932 0 97.04955 STANDARD
297 0 739 0 86.15082 STANDARD
297 0 888 0 82.029465 STANDARD
297 0 741 0 79.99028 STANDARD
297 0 1122 0 79.19252 STANDARD
297 0 760 0 78.46855 STANDARD
297 0 928 0 76.825485 STANDARD
298 0 642 0 157.48021 STANDARD
298 0 744 0 110.734474 STANDARD
298 0 1055 0 107.99392 STANDARD
298 0 1054 0 102.771194 STANDARD
298 0 130 0 102.12092 STANDARD
298 0 1122 0 91.69061 STANDARD
298 0 1294 0 83.130356 STANDARD
298 0 1293 0 82.33934 STANDARD
298 0 932 0 81.43239 STANDARD
298 0 1362 0 80.96955 STANDARD
299 0 142 0 67.407005 STANDARD
299 0 875 0 64.24228 STANDARD
299 0 1177 0 60.36581 STANDARD
299 0 57 0 55.97953 STANDARD
299 0 1094 0 55.058475 STANDARD
299 0 811 0 55.051888 STANDARD
299 0 685 0 54.27066 STANDARD
299 0 1367 0 54.203636 STANDARD
299 0 992 0 53.42186 STANDARD
299 0 252 0 53.02877 STANDARD
300 0 881 0 66.65968 STANDARD
300 0 884 0 60.48098 STANDARD
300 0 50 0 41.4294 STANDARD
300 0 1318 0 38.75383 STANDARD
300 0 945 0 37.55055 STANDARD
300 0 869 0 36.402874 STANDARD
300 0 1387 0 33.734467 STANDARD
300 0 768 0 32.347595 STANDARD
300 0 867 0 30.023453 STANDARD
300 0 490 0 28.526403 STANDARD
301 0 763 0 80.08967 STANDARD
301 0 440 0 75.07718 STANDARD
301 0 890 0 68.95839 STANDARD
301 0 937 0 66.79294 STANDARD
301 0 743 0 66.71115 STANDARD
301 0 897 0 63.943104 STANDARD
301 0 739 0 63.648376 STANDARD
301 0 1173 0 63.648376 STANDARD
301 0 1342 0 61.087044 STANDARD
301 0 841 0 60.19171 STANDARD
303 0 1294 0 64.71701 STANDARD
303 0 185 0 56.314335 STANDARD
303 0 1054 0 52.30269 STANDARD
303 0 130 0 50.754692 STANDARD
303 0 1055 0 46.689217 STANDARD
303 0 740 0 44.652115 STANDARD
303 0 1048 0 41.12064 STANDARD
303 0 744 0 40.24234 STANDARD
303 0 833 0 40.24234 STANDARD
303 0 1362 0 40.24234 STANDARD
304 0 159 0 75.93355 STANDARD
304 0 395 0 65.557144 STANDARD
304 0 1134 0 64.35337 STANDARD
304 0 451 0 64.20932 STANDARD
304 0 885 0 61.434597 STANDARD
304 0 579 0 61.26014 STANDARD
304 0 1219 0 55.512787 STANDARD
304 0 1052 0 53.213634 STANDARD
304 0 937 0 49.53225 STANDARD
304 0 744 0 49.296814 STANDARD
306 0 1391 0 65.53876 STANDARD
306 0 1379 0 59.7022 STANDARD
306 0 1299 0 53.73994 STANDARD
306 0 410 0 49.83384 STANDARD
306 0 170 0 49.4091 STANDARD
306 0 625 0 48.858273 STANDARD
306 0 274 0 48.32964 STANDARD
306 0 536 0 47.528503 STANDARD
306 0 1252 0 47.015804 STANDARD
306 0 1219 0 46.880814 STANDARD
314 0 1285 0 106.91431 STANDARD
314 0 1378 0 66.047195 STANDARD
314 0 923 0 59.754654 STANDARD
314 0 814 0 58.25171 STANDARD
314 0 225 0 53.765385 STANDARD
314 0 1306 0 52.778454 STANDARD
314 0 1303 0 51.505703 STANDARD
314 0 925 0 50.879128 STANDARD
314 0 421 0 49.095325 STANDARD
314 0 536 0 47.97156 STANDARD
315 0 923 0 61.638535 STANDARD
315 0 677 0 47.92042 STANDARD
315 0 676 0 44.886444 STANDARD
315 0 1261 0 41.70472 STANDARD
315 0 232 0 41.681473 STANDARD
315 0 482 0 41.507477 STANDARD
315 0 1216 0 40.30909 STANDARD
315 0 19 0 37.102158 STANDARD
315 0 29 0 36.713467 STANDARD
315 0 159 0 36.62368 STANDARD
316 0 1184 0 35.608234 STANDARD
316 0 196 0 33.08451 STANDARD
316 0 1378 0 33.08451 STANDARD
316 0 139 0 32.755997 STANDARD
316 0 38 0 31.810488 STANDARD
316 0 496 0 31.494625 STANDARD
316 0 57 0 28.994898 STANDARD
316 0 250 0 28.516182 STANDARD
316 0 443 0 27.56465 STANDARD
316 0 574 0 27.56465 STANDARD
317 0 133 0 50.479378 STANDARD
317 0 1287 0 50.289616 STANDARD
317 0 1254 0 46.844055 STANDARD
317 0 1235 0 43.249065 STANDARD
317 0 1278 0 42.71268 STANDARD
317 0 345 0 41.380318 STANDARD
317 0 49 0 41.29257 STANDARD
317 0 1385 0 41.00202 STANDARD
317 0 79 0 39.478493 STANDARD
317 0 375 0 39.147522 STANDARD
321 0 1290 0 151.08649 STANDARD
321 0 205 0 82.2408 STANDARD
321 0 866 0 76.80069 STANDARD
321 0 795 0 67.17911 STANDARD
321 0 799 0 66.60599 STANDARD
321 0 411 0 63.71742 STANDARD
321 0 441 0 62.924152 STANDARD
321 0 252 0 62.365253 STANDARD
321 0 879 0 61.003384 STANDARD
321 0 315 0 60.923107 STANDARD
323 0 749 0 48.855858 STANDARD
323 0 918 0 38.846268 STANDARD
323 0 622 0 36.74689 STANDARD
323 0 895 0 36.253807 STANDARD
323 0 698 0 33.869045 STANDARD
323 0 920 0 33.869045 STANDARD
323 0 344 0 33.86241 STANDARD
323 0 649 0 32.03064 STANDARD
323 0 1341 0 31.635027 STANDARD
323 0 579 0 30.797201 STANDARD
327 0 1345 0 95.049194 STANDARD
327 0 1344 0 80.38209 STANDARD
327 0 1342 0 78.09341 STANDARD
327 0 482 0 75.83631 STANDARD
327 0 982 0 75.269 STANDARD
327 0 1217 0 74.89552 STANDARD
327 0 1379 0 73.76622 STANDARD
327 0 1219 0 69.20818 STANDARD
327 0 991 0 68.652145 STANDARD
327 0 137 0 67.61651 STANDARD
331 0 59 0 66.80887 STANDARD
331 0 1278 0 63.431385 STANDARD
331 0 538 0 56.95051 STANDARD
331 0 450 0 55.03553 STANDARD
331 0 45 0 51.77328 STANDARD
331 0 455 0 51.45585 STANDARD
331 0 23 0 51.183086 STANDARD
331 0 187 0 50.515205 STANDARD
331 0 255 0 49.837692 STANDARD
331 0 959 0 49.688587 STANDARD
332 0 1172 0 86.1365 STANDARD
332 0 1171 0 83.80437 STANDARD
332 0 938 0 80.408966 STANDARD
332 0 887 0 77.810265 STANDARD
332 0 831 0 75.21226 STANDARD
332 0 394 0 74.85195 STANDARD
332 0 763 0 69.417076 STANDARD
332 0 1125 0 69.13872 STANDARD
332 0 1033 0 69.00908 STANDARD
332 0 642 0 64.85327 STANDARD
333 0 763 0 77.47359 STANDARD
333 0 846 0 71.45616 STANDARD
333 0 739 0 69.40371 STANDARD
333 0 1173 0 69.40371 STANDARD
333 0 1071 0 68.765076 STANDARD
333 0 831 0 65.94009 STANDARD
333 0 1068 0 65.775955 STANDARD
333 0 741 0 64.440735 STANDARD
333 0 765 0 63.70004 STANDARD
333 0 1125 0 60.897987 STANDARD
335 0 1176 0 75.37654 STANDARD
335 0 870 0 72.93058 STANDARD
335 0 838 0 69.57133 STANDARD
335 0 1178 0 68.22294 STANDARD
335 0 1146 0 67.04343 STANDARD
335 0 1121 0 60.879875 STANDARD
335 0 823 0 58.269814 STANDARD
335 0 1050 0 57.67872 STANDARD
335 0 888 0 55.73893 STANDARD
335 0 1045 0 53.836823 STANDARD
336 0 642 0 67.415215 STANDARD
336 0 885 0 64.10798 STANDARD
336 0 105 0 56.75578 STANDARD
336 0 382 0 55.5609 STANDARD
336 0 1387 0 54.562107 STANDARD
336 0 784 0 51.4297 STANDARD
336 0 769 0 50.14427 STANDARD
336 0 887 0 49.18372 STANDARD
336 0 888 0 49.120907 STANDARD
336 0 891 0 49.05776 STANDARD
338 0 1294 0 153.61478 STANDARD
338 0 1362 0 106.2649 STANDARD
338 0 130 0 57.90348 STANDARD
338 0 833 0 56.572525 STANDARD
338 0 92 0 55.505398 STANDARD
338 0 852 0 51.397377 STANDARD
338 0 1054 0 49.3152 STANDARD
338 0 1055 0 48.76513 STANDARD
338 0 744 0 45.910465 STANDARD
338 0 1041 0 45.52216 STANDARD
339 0 535 0 101.127975 STANDARD
339 0 328 0 70.72323 STANDARD
339 0 357 0 69.604324 STANDARD
339 0 985 0 68.51632 STANDARD
339 0 122 0 68.05183 STANDARD
339 0 770 0 66.446075 STANDARD
339 0 18 0 66.344 STANDARD
339 0 771 0 64.15823 STANDARD
339 0 1205 0 62.628613 STANDARD
339 0 1153 0 62.422783 STANDARD
340 0 1304 0 55.947964 STANDARD
340 0 262 0 55.577267 STANDARD
340 0 352 0 50.917213 STANDARD
340 0 694 0 50.81469 STANDARD
340 0 1235 0 50.217007 STANDARD
340 0 117 0 49.72358 STANDARD
340 0 1208 0 49.103954 STANDARD
340 0 504 0 47.183098 STANDARD
340 0 636 0 46.92933 STANDARD
340 0 1276 0 46.588078 STANDARD
347 0 670 0 59.978157 STANDARD
347 0 394 0 59.7023 STANDARD
347 0 946 0 57.60999 STANDARD
347 0 666 0 55.911835 STANDARD
347 0 324 0 55.779488 STANDARD
347 0 303 0 52.597836 STANDARD
347 0 22 0 51.06936 STANDARD
347 0 65 0 50.885307 STANDARD
347 0 522 0 49.707787 STANDARD
347 0 1393 0 49.318085 STANDARD
348 0 666 0 55.911835 STANDARD
348 0 670 0 54.027775 STANDARD
348 0 1393 0 53.196938 STANDARD
348 0 559 0 50.6844 STANDARD
348 0 522 0 49.707787 STANDARD
348 0 962 0 48.868122 STANDARD
348 0 283 0 48.65105 STANDARD
348 0 976 0 48.429546 STANDARD
348 0 523 0 47.97986 STANDARD
348 0 35 0 47.23534 STANDARD
349 0 59 0 75.23209 STANDARD
349 0 361 0 62.545734 STANDARD
349 0 1392 0 61.536682 STANDARD
349 0 149 0 60.589256 STANDARD
349 0 1387 0 56.061203 STANDARD
349 0 1367 0 54.063957 STANDARD
349 0 1081 0 43.129078 STANDARD
349 0 394 0 42.20217 STANDARD
349 0 1214 0 42.002174 STANDARD
349 0 667 0 40.552254 STANDARD
352 0 23 0 58.725883 STANDARD
352 0 1365 0 57.805817 STANDARD
352 0 382 0 56.19512 STANDARD
352 0 784 0 55.064865 STANDARD
352 0 458 0 54.6143 STANDARD
352 0 4 0 54.329376 STANDARD
352 0 1384 0 50.083466 STANDARD
352 0 498 0 49.750637 STANDARD
352 0 376 0 49.74915 STANDARD
352 0 1385 0 48.624756 STANDARD
353 0 1366 0 74.76201 STANDARD
353 0 54 0 68.73042 STANDARD
353 0 1386 0 60.04598 STANDARD
353 0 62 0 59.122917 STANDARD
353 0 352 0 53.885117 STANDARD
353 0 787 0 51.49353 STANDARD
353 0 266 0 49.79733 STANDARD
353 0 122 0 48.59498 STANDARD
353 0 55 0 48.112076 STANDARD
353 0 528 0 44.09924 STANDARD
355 0 1399 0 83.661125 STANDARD
355 0 400 0 56.423317 STANDARD
355 0 1400 0 50.759007 STANDARD
355 0 1396 0 45.491608 STANDARD
355 0 740 0 42.85967 STANDARD
355 0 1070 0 42.663445 STANDARD
355 0 1398 0 39.83617 STANDARD
355 0 419 0 39.589577 STANDARD
355 0 1130 0 38.437824 STANDARD
355 0 1055 0 36.423355 STANDARD
356 0 400 0 100.68399 STANDARD
356 0 1398 0 98.79767 STANDARD
356 0 1399 0 97.385864 STANDARD
356 0 1400 0 63.672726 STANDARD
356 0 1396 0 61.616688 STANDARD
356 0 419 0 58.89946 STANDARD
356 0 863 0 47.598717 STANDARD
356 0 1387 0 46.96761 STANDARD
356 0 940 0 45.73961 STANDARD
356 0 659 0 45.462257 STANDARD
360 0 236 0 86.132095 STANDARD
360 0 1312 0 83.17671 STANDARD
360 0 1286 0 81.57908 STANDARD
360 0 541 0 70.6412 STANDARD
360 0 170 0 67.436966 STANDARD
360 0 1298 0 67.429276 STANDARD
360 0 656 0 65.15099 STANDARD
360 0 1315 0 64.81466 STANDARD
360 0 645 0 62.84627 STANDARD
360 0 401 0 60.765213 STANDARD
365 0 1188 0 140.1947 STANDARD
365 0 1291 0 69.4539 STANDARD
365 0 1380 0 67.27838 STANDARD
365 0 1218 0 63.98093 STANDARD
365 0 1256 0 50.7084 STANDARD
365 0 1104 0 48.300655 STANDARD
365 0 701 0 47.214344 STANDARD
365 0 1124 0 46.60845 STANDARD
365 0 1280 0 45.22171 STANDARD
365 0 925 0 44.218914 STANDARD
